1,2,11.0
3,2,7.0
2,4,6.0
1,3,6.0
1,4,6.0
5,2,5.0
1,6,5.0
1,7,5.0
6,2,5.0
1,5,5.0
7,2,5.0
1,8,4.0
7,4,4.0
9,2,4.0
3,4,4.0
1,10,4.0
3,7,4.0
8,2,4.0
10,2,4.0
1,9,4.0
1,11,3.0
10,7,3.0
1,12,3.0
10,6,3.0
13,2,3.0
14,4,3.0
5,7,3.0
9,4,3.0
1,13,3.0
15,2,3.0
1,16,3.0
17,2,3.0
1,18,3.0
6,3,3.0
6,4,3.0
1,15,3.0
5,4,3.0
10,3,3.0
18,2,3.0
10,4,3.0
19,2,3.0
16,2,3.0
3,9,3.0
11,2,3.0
8,4,3.0
6,8,3.0
20,2,3.0
12,2,3.0
6,7,3.0
1,14,3.0
1,17,2.0
3,21,2.0
6,12,2.0
5,9,2.0
22,4,2.0
20,9,2.0
23,2,2.0
24,4,2.0
6,19,2.0
3,25,2.0
26,11,2.0
27,8,2.0
28,4,2.0
29,2,2.0
9,8,2.0
1,30,2.0
1,31,2.0
32,4,2.0
4,33,2.0
1,34,2.0
14,7,2.0
35,6,2.0
36,2,2.0
26,4,2.0
10,8,2.0
20,7,2.0
35,2,2.0
16,4,2.0
8,14,2.0
16,3,2.0
37,2,2.0
11,4,2.0
38,2,2.0
24,10,2.0
31,3,2.0
9,39,2.0
5,24,2.0
5,11,2.0
2,40,2.0
17,5,2.0
1,41,2.0
30,2,2.0
19,11,2.0
15,8,2.0
7,11,2.0
6,13,2.0
42,2,2.0
1,43,2.0
1,19,2.0
39,4,2.0
41,2,2.0
44,2,2.0
2,21,2.0
9,7,2.0
14,3,2.0
12,18,2.0
17,14,2.0
20,12,2.0
10,25,2.0
18,4,2.0
20,4,2.0
1,45,2.0
46,2,2.0
9,15,2.0
7,30,2.0
30,4,2.0
20,3,2.0
10,47,2.0
18,3,2.0
16,9,2.0
5,26,2.0
12,4,2.0
28,7,2.0
16,5,2.0
5,30,2.0
48,2,2.0
1,37,2.0
6,15,2.0
14,8,2.0
6,18,2.0
3,49,2.0
9,33,2.0
2,34,2.0
18,38,2.0
3,11,2.0
3,39,2.0
7,45,2.0
1,32,2.0
14,11,2.0
1,36,2.0
47,7,2.0
1,47,2.0
5,28,2.0
43,8,2.0
12,8,2.0
3,33,2.0
12,11,2.0
19,15,2.0
9,25,2.0
10,21,2.0
3,19,2.0
5,14,2.0
1,50,2.0
4,25,2.0
7,33,2.0
51,4,2.0
16,26,2.0
16,7,2.0
8,52,2.0
51,3,2.0
6,30,2.0
1,51,2.0
1,53,2.0
3,28,2.0
7,25,2.0
43,7,2.0
54,2,2.0
7,8,2.0
16,10,2.0
38,4,2.0
5,15,2.0
9,55,2.0
13,8,2.0
43,4,2.0
31,2,2.0
56,2,2.0
15,25,2.0
5,13,2.0
9,13,2.0
5,39,2.0
1,44,2.0
5,6,2.0
47,4,2.0
3,12,2.0
18,5,2.0
10,1,2.0
10,15,2.0
10,12,2.0
17,6,2.0
13,4,2.0
42,4,2.0
18,57,2.0
1,24,2.0
15,7,2.0
18,7,2.0
43,3,2.0
1,25,2.0
3,47,2.0
16,6,2.0
2,22,2.0
58,2,2.0
5,20,2.0
5,3,2.0
2,52,2.0
35,8,2.0
59,2,2.0
15,4,2.0
7,21,2.0
1,33,2.0
28,25,2.0
1,23,2.0
9,11,2.0
10,11,2.0
15,47,2.0
60,55,2.0
3,30,2.0
20,13,2.0
1,52,2.0
19,8,2.0
28,2,2.0
5,10,2.0
1,21,2.0
61,2,2.0
2,25,2.0
10,13,2.0
46,5,2.0
8,57,2.0
26,2,2.0
43,9,2.0
10,20,2.0
2,33,2.0
35,4,2.0
62,2,2.0
14,15,2.0
63,2,2.0
37,4,2.0
1,27,2.0
35,3,2.0
9,22,2.0
1,63,2.0
3,18,2.0
18,14,2.0
35,15,2.0
1,55,2.0
10,19,2.0
1,64,2.0
2,45,2.0
18,21,2.0
1,54,2.0
1,59,2.0
9,12,2.0
9,47,2.0
19,4,2.0
5,8,2.0
5,35,2.0
15,12,2.0
51,2,2.0
9,60,2.0
39,2,2.0
1,42,2.0
20,8,2.0
8,11,2.0
1,39,2.0
17,8,2.0
14,6,2.0
7,39,2.0
16,14,2.0
46,4,2.0
1,35,2.0
10,9,2.0
3,8,2.0
43,2,2.0
3,60,2.0
1,26,2.0
3,13,2.0
63,18,2.0
14,2,2.0
1,46,2.0
1,48,2.0
18,8,2.0
15,11,2.0
14,12,2.0
24,2,2.0
14,9,2.0
32,2,2.0
65,2,2.0
39,8,2.0
2,14,2.0
18,41,2.0
28,11,2.0
5,25,2.0
60,2,2.0
1,57,2.0
6,9,2.0
47,2,2.0
55,2,2.0
6,11,2.0
12,7,2.0
3,22,2.0
1,28,2.0
3,15,2.0
66,62,1.0
67,47,1.0
68,69,1.0
53,8,1.0
18,53,1.0
70,11,1.0
42,71,1.0
72,73,1.0
74,13,1.0
5,75,1.0
76,60,1.0
32,51,1.0
17,77,1.0
64,78,1.0
79,2,1.0
16,55,1.0
20,63,1.0
80,8,1.0
35,81,1.0
82,83,1.0
8,82,1.0
84,2,1.0
85,32,1.0
86,87,1.0
37,88,1.0
1,89,1.0
90,60,1.0
1,91,1.0
92,93,1.0
94,95,1.0
96,55,1.0
18,11,1.0
48,11,1.0
97,98,1.0
99,78,1.0
100,30,1.0
23,21,1.0
62,52,1.0
56,9,1.0
82,40,1.0
101,2,1.0
68,92,1.0
99,4,1.0
17,71,1.0
77,60,1.0
14,52,1.0
19,48,1.0
15,102,1.0
74,103,1.0
26,6,1.0
56,104,1.0
74,8,1.0
31,105,1.0
95,2,1.0
72,106,1.0
1,107,1.0
107,108,1.0
109,21,1.0
99,21,1.0
110,38,1.0
111,7,1.0
112,2,1.0
28,13,1.0
54,13,1.0
113,15,1.0
5,114,1.0
115,3,1.0
7,116,1.0
15,117,1.0
110,118,1.0
6,41,1.0
103,119,1.0
5,120,1.0
121,14,1.0
122,123,1.0
54,124,1.0
125,74,1.0
42,11,1.0
126,77,1.0
25,33,1.0
3,127,1.0
13,11,1.0
67,52,1.0
51,64,1.0
20,128,1.0
54,17,1.0
129,130,1.0
108,8,1.0
68,5,1.0
18,101,1.0
3,121,1.0
131,132,1.0
93,71,1.0
133,1,1.0
127,134,1.0
86,14,1.0
135,33,1.0
17,136,1.0
103,39,1.0
15,119,1.0
137,115,1.0
88,4,1.0
138,139,1.0
51,39,1.0
85,140,1.0
63,116,1.0
141,9,1.0
142,11,1.0
141,23,1.0
79,40,1.0
62,87,1.0
12,34,1.0
34,123,1.0
42,16,1.0
143,77,1.0
135,144,1.0
145,57,1.0
16,146,1.0
147,13,1.0
148,126,1.0
149,9,1.0
59,4,1.0
3,150,1.0
151,82,1.0
15,62,1.0
152,28,1.0
37,153,1.0
16,95,1.0
11,154,1.0
104,33,1.0
155,1,1.0
32,55,1.0
156,2,1.0
157,45,1.0
138,134,1.0
158,26,1.0
152,32,1.0
159,45,1.0
160,161,1.0
82,20,1.0
18,162,1.0
29,163,1.0
164,165,1.0
99,58,1.0
5,104,1.0
17,3,1.0
88,3,1.0
5,162,1.0
166,2,1.0
70,7,1.0
17,167,1.0
50,168,1.0
5,23,1.0
140,169,1.0
44,41,1.0
86,170,1.0
47,111,1.0
42,8,1.0
20,162,1.0
10,50,1.0
28,105,1.0
63,1,1.0
59,34,1.0
13,45,1.0
42,161,1.0
113,12,1.0
171,172,1.0
54,33,1.0
63,14,1.0
173,6,1.0
174,14,1.0
36,52,1.0
175,6,1.0
43,29,1.0
19,57,1.0
155,43,1.0
26,21,1.0
176,2,1.0
39,25,1.0
177,124,1.0
158,34,1.0
138,178,1.0
23,57,1.0
99,3,1.0
43,179,1.0
32,48,1.0
180,24,1.0
179,39,1.0
181,45,1.0
135,39,1.0
3,182,1.0
130,183,1.0
184,185,1.0
186,14,1.0
187,188,1.0
189,12,1.0
190,26,1.0
122,34,1.0
55,87,1.0
24,3,1.0
12,5,1.0
191,157,1.0
127,107,1.0
56,191,1.0
16,192,1.0
193,13,1.0
82,10,1.0
56,103,1.0
161,194,1.0
110,25,1.0
124,33,1.0
131,11,1.0
95,30,1.0
148,5,1.0
9,195,1.0
196,168,1.0
176,9,1.0
41,57,1.0
13,34,1.0
7,5,1.0
197,14,1.0
198,4,1.0
88,199,1.0
76,2,1.0
42,78,1.0
17,61,1.0
97,200,1.0
46,190,1.0
61,55,1.0
1,110,1.0
31,201,1.0
5,102,1.0
159,194,1.0
59,3,1.0
41,20,1.0
129,83,1.0
101,202,1.0
152,59,1.0
37,24,1.0
36,181,1.0
203,70,1.0
161,15,1.0
129,204,1.0
1,205,1.0
139,40,1.0
206,4,1.0
207,11,1.0
6,38,1.0
23,45,1.0
208,8,1.0
142,6,1.0
126,110,1.0
76,71,1.0
16,209,1.0
39,11,1.0
10,204,1.0
167,64,1.0
210,20,1.0
129,182,1.0
211,12,1.0
48,39,1.0
24,212,1.0
203,168,1.0
36,23,1.0
190,159,1.0
43,52,1.0
1,190,1.0
207,33,1.0
1,95,1.0
109,87,1.0
213,12,1.0
36,214,1.0
5,52,1.0
10,52,1.0
174,12,1.0
8,154,1.0
68,209,1.0
53,45,1.0
26,13,1.0
24,53,1.0
95,45,1.0
1,56,1.0
12,60,1.0
72,71,1.0
56,36,1.0
101,14,1.0
181,215,1.0
216,212,1.0
217,159,1.0
24,33,1.0
109,23,1.0
63,12,1.0
56,7,1.0
26,69,1.0
3,218,1.0
129,25,1.0
14,83,1.0
109,86,1.0
161,7,1.0
3,219,1.0
220,15,1.0
204,8,1.0
163,2,1.0
148,221,1.0
76,12,1.0
14,145,1.0
17,58,1.0
17,13,1.0
97,10,1.0
38,11,1.0
31,28,1.0
141,194,1.0
48,8,1.0
181,95,1.0
222,2,1.0
223,162,1.0
7,224,1.0
6,87,1.0
18,124,1.0
156,225,1.0
89,3,1.0
28,69,1.0
126,17,1.0
12,139,1.0
54,20,1.0
2,188,1.0
191,144,1.0
226,26,1.0
67,87,1.0
44,9,1.0
16,224,1.0
206,3,1.0
42,100,1.0
41,189,1.0
32,45,1.0
126,6,1.0
7,103,1.0
82,195,1.0
147,194,1.0
189,188,1.0
19,227,1.0
6,174,1.0
2,76,1.0
63,110,1.0
124,30,1.0
15,194,1.0
19,156,1.0
26,52,1.0
72,6,1.0
221,2,1.0
158,228,1.0
18,9,1.0
229,107,1.0
7,187,1.0
230,51,1.0
231,45,1.0
10,30,1.0
83,9,1.0
28,48,1.0
32,12,1.0
232,21,1.0
77,233,1.0
223,26,1.0
51,13,1.0
46,87,1.0
6,221,1.0
105,111,1.0
27,57,1.0
7,59,1.0
234,15,1.0
47,235,1.0
223,107,1.0
6,195,1.0
7,197,1.0
50,186,1.0
151,13,1.0
103,64,1.0
3,236,1.0
72,99,1.0
6,224,1.0
196,79,1.0
237,9,1.0
9,64,1.0
238,31,1.0
225,22,1.0
47,13,1.0
1,123,1.0
37,157,1.0
10,112,1.0
16,59,1.0
5,56,1.0
38,83,1.0
15,98,1.0
239,40,1.0
115,4,1.0
115,95,1.0
223,221,1.0
124,221,1.0
165,2,1.0
56,98,1.0
126,52,1.0
43,204,1.0
10,69,1.0
17,159,1.0
138,45,1.0
74,53,1.0
212,13,1.0
131,2,1.0
31,189,1.0
70,214,1.0
1,235,1.0
237,189,1.0
12,120,1.0
89,4,1.0
240,5,1.0
56,15,1.0
42,60,1.0
105,39,1.0
182,4,1.0
138,14,1.0
9,53,1.0
63,186,1.0
29,6,1.0
12,156,1.0
137,14,1.0
3,221,1.0
115,20,1.0
46,33,1.0
54,195,1.0
164,39,1.0
109,9,1.0
133,50,1.0
10,228,1.0
217,233,1.0
241,7,1.0
242,223,1.0
56,22,1.0
6,119,1.0
161,23,1.0
53,204,1.0
15,185,1.0
43,146,1.0
206,233,1.0
52,57,1.0
14,154,1.0
26,3,1.0
184,243,1.0
9,45,1.0
206,153,1.0
110,64,1.0
112,148,1.0
147,7,1.0
244,47,1.0
67,172,1.0
47,52,1.0
6,245,1.0
99,246,1.0
111,52,1.0
178,33,1.0
182,41,1.0
76,20,1.0
9,235,1.0
135,45,1.0
208,53,1.0
72,2,1.0
11,25,1.0
5,55,1.0
132,87,1.0
247,11,1.0
41,248,1.0
74,30,1.0
223,9,1.0
3,42,1.0
181,59,1.0
249,114,1.0
39,22,1.0
20,47,1.0
153,36,1.0
126,7,1.0
161,128,1.0
12,17,1.0
83,35,1.0
38,49,1.0
37,74,1.0
193,21,1.0
112,60,1.0
220,2,1.0
14,159,1.0
250,41,1.0
4,118,1.0
193,105,1.0
63,23,1.0
58,33,1.0
77,11,1.0
60,4,1.0
223,173,1.0
75,6,1.0
31,10,1.0
147,251,1.0
181,2,1.0
35,111,1.0
3,5,1.0
164,3,1.0
97,3,1.0
51,62,1.0
153,77,1.0
41,110,1.0
63,78,1.0
1,102,1.0
111,245,1.0
252,50,1.0
5,253,1.0
145,14,1.0
18,76,1.0
151,17,1.0
15,34,1.0
234,25,1.0
240,212,1.0
76,11,1.0
7,82,1.0
253,116,1.0
89,26,1.0
135,24,1.0
254,30,1.0
39,82,1.0
97,77,1.0
115,195,1.0
4,106,1.0
160,11,1.0
249,19,1.0
104,168,1.0
148,11,1.0
10,14,1.0
23,246,1.0
31,25,1.0
61,4,1.0
56,154,1.0
130,50,1.0
5,47,1.0
94,51,1.0
20,199,1.0
147,35,1.0
129,57,1.0
60,24,1.0
42,126,1.0
147,3,1.0
155,35,1.0
11,52,1.0
31,40,1.0
42,15,1.0
37,33,1.0
156,33,1.0
63,244,1.0
190,27,1.0
46,16,1.0
7,146,1.0
8,30,1.0
72,17,1.0
65,6,1.0
237,13,1.0
3,79,1.0
133,7,1.0
54,119,1.0
42,6,1.0
24,100,1.0
131,60,1.0
101,116,1.0
111,159,1.0
211,255,1.0
5,45,1.0
59,224,1.0
175,39,1.0
6,101,1.0
179,30,1.0
62,4,1.0
8,256,1.0
97,49,1.0
126,71,1.0
257,10,1.0
12,118,1.0
6,26,1.0
35,12,1.0
3,34,1.0
1,258,1.0
17,57,1.0
18,91,1.0
3,183,1.0
206,157,1.0
41,5,1.0
26,7,1.0
85,259,1.0
192,194,1.0
260,47,1.0
15,188,1.0
207,100,1.0
17,261,1.0
195,130,1.0
43,53,1.0
232,248,1.0
9,21,1.0
14,227,1.0
11,225,1.0
47,146,1.0
262,26,1.0
7,253,1.0
42,12,1.0
2,69,1.0
126,227,1.0
47,55,1.0
24,107,1.0
226,8,1.0
35,48,1.0
138,98,1.0
9,50,1.0
141,258,1.0
182,57,1.0
139,76,1.0
120,263,1.0
62,110,1.0
97,4,1.0
28,165,1.0
31,185,1.0
164,4,1.0
195,199,1.0
137,6,1.0
41,246,1.0
211,77,1.0
1,221,1.0
32,3,1.0
184,119,1.0
46,32,1.0
252,4,1.0
120,82,1.0
217,34,1.0
9,46,1.0
142,2,1.0
26,48,1.0
30,22,1.0
58,150,1.0
37,141,1.0
203,11,1.0
262,8,1.0
152,264,1.0
16,47,1.0
44,5,1.0
186,71,1.0
12,148,1.0
145,30,1.0
68,59,1.0
198,14,1.0
244,4,1.0
16,256,1.0
222,150,1.0
20,120,1.0
17,199,1.0
96,32,1.0
19,247,1.0
8,174,1.0
265,49,1.0
181,145,1.0
161,2,1.0
266,3,1.0
204,22,1.0
43,168,1.0
10,154,1.0
229,1,1.0
6,77,1.0
1,266,1.0
102,185,1.0
60,139,1.0
43,156,1.0
208,4,1.0
267,13,1.0
124,70,1.0
241,147,1.0
68,34,1.0
36,39,1.0
135,192,1.0
39,57,1.0
16,74,1.0
10,268,1.0
20,41,1.0
47,58,1.0
37,168,1.0
58,139,1.0
261,61,1.0
6,106,1.0
249,2,1.0
95,34,1.0
16,134,1.0
269,184,1.0
270,28,1.0
58,11,1.0
5,209,1.0
237,271,1.0
115,9,1.0
18,75,1.0
153,8,1.0
163,79,1.0
148,25,1.0
107,14,1.0
264,4,1.0
2,194,1.0
23,225,1.0
63,4,1.0
209,21,1.0
29,21,1.0
18,235,1.0
15,92,1.0
42,187,1.0
209,25,1.0
257,242,1.0
82,183,1.0
272,273,1.0
14,100,1.0
6,40,1.0
51,55,1.0
68,13,1.0
37,7,1.0
59,6,1.0
178,3,1.0
190,9,1.0
130,51,1.0
131,168,1.0
150,136,1.0
28,167,1.0
3,195,1.0
249,147,1.0
143,19,1.0
16,240,1.0
213,2,1.0
5,194,1.0
54,82,1.0
82,154,1.0
42,150,1.0
16,82,1.0
9,103,1.0
199,4,1.0
212,7,1.0
261,60,1.0
54,25,1.0
10,16,1.0
35,245,1.0
241,82,1.0
1,92,1.0
102,105,1.0
8,134,1.0
274,24,1.0
191,12,1.0
275,7,1.0
76,47,1.0
6,78,1.0
46,94,1.0
6,93,1.0
211,2,1.0
137,16,1.0
44,14,1.0
154,25,1.0
192,10,1.0
215,2,1.0
134,276,1.0
16,159,1.0
219,103,1.0
6,64,1.0
5,175,1.0
173,212,1.0
223,10,1.0
15,74,1.0
55,150,1.0
99,64,1.0
163,146,1.0
46,13,1.0
5,212,1.0
37,154,1.0
44,263,1.0
277,256,1.0
277,159,1.0
211,10,1.0
55,21,1.0
51,36,1.0
43,226,1.0
149,7,1.0
23,8,1.0
43,38,1.0
133,5,1.0
80,26,1.0
43,50,1.0
167,55,1.0
88,7,1.0
80,174,1.0
37,178,1.0
72,42,1.0
125,6,1.0
141,39,1.0
153,183,1.0
135,10,1.0
77,159,1.0
192,19,1.0
263,82,1.0
93,116,1.0
104,30,1.0
63,3,1.0
15,221,1.0
217,146,1.0
223,19,1.0
165,8,1.0
8,22,1.0
263,79,1.0
264,3,1.0
12,194,1.0
119,11,1.0
158,39,1.0
10,278,1.0
250,106,1.0
39,64,1.0
27,71,1.0
200,8,1.0
205,116,1.0
115,248,1.0
80,11,1.0
66,52,1.0
59,119,1.0
24,36,1.0
1,234,1.0
264,33,1.0
77,221,1.0
162,25,1.0
32,256,1.0
125,103,1.0
15,16,1.0
18,45,1.0
217,6,1.0
249,224,1.0
7,274,1.0
159,52,1.0
189,25,1.0
5,69,1.0
178,4,1.0
3,271,1.0
16,8,1.0
16,264,1.0
108,182,1.0
3,57,1.0
6,90,1.0
51,103,1.0
167,212,1.0
239,3,1.0
9,236,1.0
38,60,1.0
226,13,1.0
4,232,1.0
18,82,1.0
18,17,1.0
3,246,1.0
279,55,1.0
158,78,1.0
7,278,1.0
9,245,1.0
63,222,1.0
15,235,1.0
26,168,1.0
98,120,1.0
12,135,1.0
181,18,1.0
197,27,1.0
145,52,1.0
97,38,1.0
38,232,1.0
245,225,1.0
218,260,1.0
128,52,1.0
120,5,1.0
53,11,1.0
41,87,1.0
228,2,1.0
207,70,1.0
17,221,1.0
53,39,1.0
18,202,1.0
63,232,1.0
1,119,1.0
98,255,1.0
109,44,1.0
138,120,1.0
222,168,1.0
24,221,1.0
234,21,1.0
82,77,1.0
88,100,1.0
23,118,1.0
280,268,1.0
205,270,1.0
232,281,1.0
46,253,1.0
36,78,1.0
20,98,1.0
243,189,1.0
216,107,1.0
9,43,1.0
18,71,1.0
282,256,1.0
129,16,1.0
65,7,1.0
86,55,1.0
126,283,1.0
129,186,1.0
6,202,1.0
5,144,1.0
35,34,1.0
8,199,1.0
5,131,1.0
119,276,1.0
35,159,1.0
6,17,1.0
20,255,1.0
23,25,1.0
82,9,1.0
26,10,1.0
109,6,1.0
1,268,1.0
44,6,1.0
211,207,1.0
159,4,1.0
280,4,1.0
148,165,1.0
284,4,1.0
2,232,1.0
14,59,1.0
105,50,1.0
203,3,1.0
17,209,1.0
64,21,1.0
144,195,1.0
164,34,1.0
270,209,1.0
216,173,1.0
99,105,1.0
20,273,1.0
5,64,1.0
258,39,1.0
126,103,1.0
150,216,1.0
285,8,1.0
10,38,1.0
263,13,1.0
9,52,1.0
249,35,1.0
260,58,1.0
158,4,1.0
9,17,1.0
51,25,1.0
222,55,1.0
37,58,1.0
178,22,1.0
148,227,1.0
205,208,1.0
159,154,1.0
28,283,1.0
138,2,1.0
98,4,1.0
26,25,1.0
36,5,1.0
141,79,1.0
10,240,1.0
66,87,1.0
42,118,1.0
269,286,1.0
67,16,1.0
10,44,1.0
238,45,1.0
1,193,1.0
32,169,1.0
47,233,1.0
36,77,1.0
78,14,1.0
111,2,1.0
17,88,1.0
218,2,1.0
239,12,1.0
7,159,1.0
12,227,1.0
129,133,1.0
262,134,1.0
11,45,1.0
18,171,1.0
12,146,1.0
46,76,1.0
239,183,1.0
203,7,1.0
16,61,1.0
223,224,1.0
102,87,1.0
95,159,1.0
36,45,1.0
54,185,1.0
178,8,1.0
41,52,1.0
30,45,1.0
7,27,1.0
244,27,1.0
204,6,1.0
224,2,1.0
31,4,1.0
138,100,1.0
141,14,1.0
249,107,1.0
54,12,1.0
97,203,1.0
153,24,1.0
250,14,1.0
1,239,1.0
115,124,1.0
55,64,1.0
82,7,1.0
265,1,1.0
97,5,1.0
99,27,1.0
203,33,1.0
37,233,1.0
3,148,1.0
94,5,1.0
30,40,1.0
37,125,1.0
150,94,1.0
280,116,1.0
135,2,1.0
10,185,1.0
28,92,1.0
192,48,1.0
270,9,1.0
28,61,1.0
287,2,1.0
17,28,1.0
175,10,1.0
13,30,1.0
173,10,1.0
186,2,1.0
261,9,1.0
18,288,1.0
23,274,1.0
161,39,1.0
39,33,1.0
151,40,1.0
215,92,1.0
29,147,1.0
137,18,1.0
192,59,1.0
268,11,1.0
46,20,1.0
24,11,1.0
83,235,1.0
1,184,1.0
206,11,1.0
1,118,1.0
77,7,1.0
135,7,1.0
82,6,1.0
79,209,1.0
164,13,1.0
130,71,1.0
43,103,1.0
47,95,1.0
264,10,1.0
36,157,1.0
124,58,1.0
108,4,1.0
230,279,1.0
82,103,1.0
18,26,1.0
202,2,1.0
43,193,1.0
155,38,1.0
135,214,1.0
59,8,1.0
1,173,1.0
10,111,1.0
98,33,1.0
57,71,1.0
97,120,1.0
262,103,1.0
197,115,1.0
26,8,1.0
166,119,1.0
239,20,1.0
161,12,1.0
204,176,1.0
37,25,1.0
2,118,1.0
3,44,1.0
35,132,1.0
266,32,1.0
13,248,1.0
129,250,1.0
232,20,1.0
26,102,1.0
56,144,1.0
96,11,1.0
266,6,1.0
289,6,1.0
7,256,1.0
53,34,1.0
111,8,1.0
137,235,1.0
241,13,1.0
1,191,1.0
290,194,1.0
32,58,1.0
15,58,1.0
26,167,1.0
161,11,1.0
36,263,1.0
12,38,1.0
86,150,1.0
7,52,1.0
270,3,1.0
165,11,1.0
82,74,1.0
59,39,1.0
58,71,1.0
42,186,1.0
182,40,1.0
63,25,1.0
181,8,1.0
36,25,1.0
37,22,1.0
3,94,1.0
77,70,1.0
16,165,1.0
5,189,1.0
206,34,1.0
206,144,1.0
43,16,1.0
1,93,1.0
291,88,1.0
271,49,1.0
41,38,1.0
190,59,1.0
83,19,1.0
14,36,1.0
185,40,1.0
18,70,1.0
147,4,1.0
35,157,1.0
11,165,1.0
144,255,1.0
195,34,1.0
3,69,1.0
262,277,1.0
17,55,1.0
9,111,1.0
249,24,1.0
260,4,1.0
266,5,1.0
60,118,1.0
1,226,1.0
124,25,1.0
249,192,1.0
44,71,1.0
161,13,1.0
11,87,1.0
105,278,1.0
173,2,1.0
26,192,1.0
76,288,1.0
151,136,1.0
216,24,1.0
260,268,1.0
152,3,1.0
15,227,1.0
244,141,1.0
264,14,1.0
25,233,1.0
182,47,1.0
96,10,1.0
5,275,1.0
43,47,1.0
20,52,1.0
5,32,1.0
124,22,1.0
97,6,1.0
16,223,1.0
247,179,1.0
145,7,1.0
72,14,1.0
37,225,1.0
130,73,1.0
135,260,1.0
241,22,1.0
43,45,1.0
19,23,1.0
241,159,1.0
247,185,1.0
275,47,1.0
50,5,1.0
16,28,1.0
90,77,1.0
194,169,1.0
11,22,1.0
195,2,1.0
190,3,1.0
141,111,1.0
151,188,1.0
270,15,1.0
126,47,1.0
108,62,1.0
108,3,1.0
126,3,1.0
59,123,1.0
82,255,1.0
26,15,1.0
138,56,1.0
126,15,1.0
136,14,1.0
5,286,1.0
63,17,1.0
43,231,1.0
18,73,1.0
102,2,1.0
12,110,1.0
266,73,1.0
129,187,1.0
5,116,1.0
52,194,1.0
126,36,1.0
163,7,1.0
59,20,1.0
5,125,1.0
16,70,1.0
146,21,1.0
139,199,1.0
12,150,1.0
135,32,1.0
208,28,1.0
43,14,1.0
62,117,1.0
182,8,1.0
27,7,1.0
60,78,1.0
264,5,1.0
121,73,1.0
131,15,1.0
72,10,1.0
59,69,1.0
115,103,1.0
259,194,1.0
211,214,1.0
20,95,1.0
176,235,1.0
17,116,1.0
223,192,1.0
242,114,1.0
208,14,1.0
292,282,1.0
10,39,1.0
206,159,1.0
130,35,1.0
122,2,1.0
4,45,1.0
44,38,1.0
138,22,1.0
69,4,1.0
135,12,1.0
143,153,1.0
37,52,1.0
131,52,1.0
109,27,1.0
131,53,1.0
99,23,1.0
2,235,1.0
247,139,1.0
269,2,1.0
48,81,1.0
260,3,1.0
243,7,1.0
95,8,1.0
17,19,1.0
219,293,1.0
9,194,1.0
241,235,1.0
20,156,1.0
18,27,1.0
124,4,1.0
208,134,1.0
121,110,1.0
1,144,1.0
205,209,1.0
28,114,1.0
85,31,1.0
3,98,1.0
78,118,1.0
152,4,1.0
260,48,1.0
114,60,1.0
42,21,1.0
10,59,1.0
124,3,1.0
41,21,1.0
53,103,1.0
127,2,1.0
126,4,1.0
134,21,1.0
180,6,1.0
203,50,1.0
288,52,1.0
36,195,1.0
1,159,1.0
162,267,1.0
87,76,1.0
10,45,1.0
25,24,1.0
164,20,1.0
158,42,1.0
172,2,1.0
9,93,1.0
244,23,1.0
162,188,1.0
90,195,1.0
18,30,1.0
190,4,1.0
263,9,1.0
43,35,1.0
46,49,1.0
16,29,1.0
150,57,1.0
60,110,1.0
190,69,1.0
1,101,1.0
14,221,1.0
55,139,1.0
232,188,1.0
82,214,1.0
167,140,1.0
105,78,1.0
138,235,1.0
19,7,1.0
44,76,1.0
17,125,1.0
115,10,1.0
70,33,1.0
257,16,1.0
1,198,1.0
265,41,1.0
101,172,1.0
111,233,1.0
10,55,1.0
249,28,1.0
80,182,1.0
54,97,1.0
46,23,1.0
221,24,1.0
1,75,1.0
23,5,1.0
46,97,1.0
143,10,1.0
193,50,1.0
27,4,1.0
67,58,1.0
112,221,1.0
97,19,1.0
3,248,1.0
5,174,1.0
123,25,1.0
149,128,1.0
14,40,1.0
104,8,1.0
51,91,1.0
3,222,1.0
17,124,1.0
231,74,1.0
59,25,1.0
3,130,1.0
10,33,1.0
36,33,1.0
126,161,1.0
206,35,1.0
1,294,1.0
19,186,1.0
164,115,1.0
127,26,1.0
64,22,1.0
1,156,1.0
144,33,1.0
191,100,1.0
263,105,1.0
12,159,1.0
53,93,1.0
262,30,1.0
255,30,1.0
138,8,1.0
46,132,1.0
80,16,1.0
19,43,1.0
136,2,1.0
110,106,1.0
103,21,1.0
39,34,1.0
128,7,1.0
174,116,1.0
5,70,1.0
135,8,1.0
60,233,1.0
42,139,1.0
237,266,1.0
89,9,1.0
98,22,1.0
129,71,1.0
135,168,1.0
288,71,1.0
18,86,1.0
1,256,1.0
229,101,1.0
3,278,1.0
264,11,1.0
3,240,1.0
211,157,1.0
5,274,1.0
68,3,1.0
47,139,1.0
260,60,1.0
76,21,1.0
70,2,1.0
241,8,1.0
165,95,1.0
207,7,1.0
50,14,1.0
6,59,1.0
27,3,1.0
1,167,1.0
206,12,1.0
50,197,1.0
47,245,1.0
37,214,1.0
190,38,1.0
56,120,1.0
13,69,1.0
286,2,1.0
6,199,1.0
9,151,1.0
44,39,1.0
28,21,1.0
37,199,1.0
64,8,1.0
59,182,1.0
59,62,1.0
145,40,1.0
207,168,1.0
5,188,1.0
10,119,1.0
65,10,1.0
14,50,1.0
135,52,1.0
109,222,1.0
23,156,1.0
42,10,1.0
36,60,1.0
167,4,1.0
14,185,1.0
225,52,1.0
17,253,1.0
28,199,1.0
103,4,1.0
76,30,1.0
1,215,1.0
11,49,1.0
43,105,1.0
59,11,1.0
243,13,1.0
206,146,1.0
10,106,1.0
211,153,1.0
21,253,1.0
101,107,1.0
73,25,1.0
3,74,1.0
43,15,1.0
32,114,1.0
205,234,1.0
3,135,1.0
82,115,1.0
158,35,1.0
6,42,1.0
46,15,1.0
20,5,1.0
124,53,1.0
51,14,1.0
154,4,1.0
103,87,1.0
10,93,1.0
58,8,1.0
167,11,1.0
199,25,1.0
222,5,1.0
141,6,1.0
157,30,1.0
3,212,1.0
58,21,1.0
44,128,1.0
60,185,1.0
109,246,1.0
67,283,1.0
10,123,1.0
143,157,1.0
1,192,1.0
1,73,1.0
46,161,1.0
72,51,1.0
166,224,1.0
1,178,1.0
4,233,1.0
107,4,1.0
180,59,1.0
252,45,1.0
43,197,1.0
29,79,1.0
18,87,1.0
10,126,1.0
184,2,1.0
7,130,1.0
88,195,1.0
217,2,1.0
128,110,1.0
1,176,1.0
68,4,1.0
115,13,1.0
17,31,1.0
197,51,1.0
239,263,1.0
141,4,1.0
3,295,1.0
202,8,1.0
60,87,1.0
126,225,1.0
1,71,1.0
101,108,1.0
231,15,1.0
3,170,1.0
179,6,1.0
115,83,1.0
60,227,1.0
58,93,1.0
46,165,1.0
246,110,1.0
76,179,1.0
29,248,1.0
10,209,1.0
252,12,1.0
180,19,1.0
50,8,1.0
1,78,1.0
17,231,1.0
262,53,1.0
258,5,1.0
178,23,1.0
87,49,1.0
114,224,1.0
173,53,1.0
3,293,1.0
15,60,1.0
296,2,1.0
53,209,1.0
231,4,1.0
283,25,1.0
1,249,1.0
10,62,1.0
19,66,1.0
10,189,1.0
1,68,1.0
13,282,1.0
31,261,1.0
111,45,1.0
257,25,1.0
297,92,1.0
7,32,1.0
85,6,1.0
14,28,1.0
268,4,1.0
56,74,1.0
43,154,1.0
153,34,1.0
13,288,1.0
144,7,1.0
250,121,1.0
176,83,1.0
20,209,1.0
261,52,1.0
1,135,1.0
36,22,1.0
245,13,1.0
238,103,1.0
178,103,1.0
141,3,1.0
97,22,1.0
43,111,1.0
51,169,1.0
59,10,1.0
237,2,1.0
207,30,1.0
272,183,1.0
82,36,1.0
209,40,1.0
205,122,1.0
151,95,1.0
26,103,1.0
68,273,1.0
14,253,1.0
58,57,1.0
1,254,1.0
231,3,1.0
13,123,1.0
15,183,1.0
167,169,1.0
26,179,1.0
285,57,1.0
206,77,1.0
89,247,1.0
215,124,1.0
97,144,1.0
280,53,1.0
17,25,1.0
150,274,1.0
97,15,1.0
3,118,1.0
195,233,1.0
234,6,1.0
198,172,1.0
165,34,1.0
60,150,1.0
32,220,1.0
38,124,1.0
39,288,1.0
10,107,1.0
193,10,1.0
1,245,1.0
128,30,1.0
252,30,1.0
61,64,1.0
14,77,1.0
294,95,1.0
36,12,1.0
223,6,1.0
59,35,1.0
23,24,1.0
3,110,1.0
157,50,1.0
10,170,1.0
37,45,1.0
131,40,1.0
223,189,1.0
102,47,1.0
129,150,1.0
220,19,1.0
266,7,1.0
7,64,1.0
252,82,1.0
23,110,1.0
53,119,1.0
97,70,1.0
183,4,1.0
1,194,1.0
281,248,1.0
216,53,1.0
31,24,1.0
115,92,1.0
192,13,1.0
105,45,1.0
17,185,1.0
250,62,1.0
48,34,1.0
290,6,1.0
103,52,1.0
249,216,1.0
53,32,1.0
10,128,1.0
203,4,1.0
222,76,1.0
32,78,1.0
10,77,1.0
151,30,1.0
101,5,1.0
126,221,1.0
1,189,1.0
240,4,1.0
14,25,1.0
41,8,1.0
1,88,1.0
133,10,1.0
42,17,1.0
205,25,1.0
156,22,1.0
43,27,1.0
24,30,1.0
134,147,1.0
294,5,1.0
51,166,1.0
3,87,1.0
134,167,1.0
68,79,1.0
126,60,1.0
36,98,1.0
6,194,1.0
234,93,1.0
14,10,1.0
13,40,1.0
24,214,1.0
138,88,1.0
207,2,1.0
14,33,1.0
18,28,1.0
204,203,1.0
4,87,1.0
43,245,1.0
112,12,1.0
85,105,1.0
2,123,1.0
137,22,1.0
31,166,1.0
150,21,1.0
54,90,1.0
51,286,1.0
163,15,1.0
105,79,1.0
43,95,1.0
37,98,1.0
1,188,1.0
135,35,1.0
58,4,1.0
22,33,1.0
137,241,1.0
18,36,1.0
161,9,1.0
14,122,1.0
43,141,1.0
153,70,1.0
155,39,1.0
10,245,1.0
19,119,1.0
3,81,1.0
46,39,1.0
12,242,1.0
21,25,1.0
32,60,1.0
14,276,1.0
1,146,1.0
14,74,1.0
155,97,1.0
211,35,1.0
90,233,1.0
6,36,1.0
137,176,1.0
12,62,1.0
127,3,1.0
276,298,1.0
14,13,1.0
172,4,1.0
147,12,1.0
23,187,1.0
16,270,1.0
14,60,1.0
25,118,1.0
5,178,1.0
287,279,1.0
232,162,1.0
35,33,1.0
44,75,1.0
65,4,1.0
44,10,1.0
1,246,1.0
215,111,1.0
65,21,1.0
35,194,1.0
1,165,1.0
120,14,1.0
193,74,1.0
96,296,1.0
12,105,1.0
269,5,1.0
1,277,1.0
54,60,1.0
93,25,1.0
220,10,1.0
129,146,1.0
190,13,1.0
115,8,1.0
294,82,1.0
47,8,1.0
247,6,1.0
266,31,1.0
65,3,1.0
250,6,1.0
124,74,1.0
37,247,1.0
138,19,1.0
63,126,1.0
7,31,1.0
234,53,1.0
155,2,1.0
9,61,1.0
58,86,1.0
43,203,1.0
3,185,1.0
5,93,1.0
91,45,1.0
148,283,1.0
158,71,1.0
168,30,1.0
3,70,1.0
8,232,1.0
5,134,1.0
1,264,1.0
1,213,1.0
28,55,1.0
126,9,1.0
10,86,1.0
190,7,1.0
42,41,1.0
28,93,1.0
126,78,1.0
55,39,1.0
10,212,1.0
20,15,1.0
124,20,1.0
109,4,1.0
1,179,1.0
203,6,1.0
159,174,1.0
14,267,1.0
129,97,1.0
10,186,1.0
23,245,1.0
2,49,1.0
144,104,1.0
7,73,1.0
16,13,1.0
46,131,1.0
95,40,1.0
23,71,1.0
21,118,1.0
1,197,1.0
5,77,1.0
36,14,1.0
58,170,1.0
109,8,1.0
203,24,1.0
197,4,1.0
135,11,1.0
192,212,1.0
35,286,1.0
195,183,1.0
10,222,1.0
141,209,1.0
31,7,1.0
5,74,1.0
72,5,1.0
37,294,1.0
65,251,1.0
294,7,1.0
65,159,1.0
46,66,1.0
92,248,1.0
17,233,1.0
85,194,1.0
67,5,1.0
130,203,1.0
240,192,1.0
74,256,1.0
36,19,1.0
65,233,1.0
27,26,1.0
5,139,1.0
20,43,1.0
120,40,1.0
10,57,1.0
127,212,1.0
108,12,1.0
8,278,1.0
10,184,1.0
18,32,1.0
197,57,1.0
269,243,1.0
1,180,1.0
158,10,1.0
51,189,1.0
7,75,1.0
98,25,1.0
268,3,1.0
158,99,1.0
299,167,1.0
31,39,1.0
181,263,1.0
125,8,1.0
252,168,1.0
158,1,1.0
25,116,1.0
273,183,1.0
74,11,1.0
145,120,1.0
72,25,1.0
9,19,1.0
113,10,1.0
159,11,1.0
244,227,1.0
21,81,1.0
290,3,1.0
18,110,1.0
280,14,1.0
289,2,1.0
109,3,1.0
53,168,1.0
62,23,1.0
20,216,1.0
237,7,1.0
149,161,1.0
94,25,1.0
42,57,1.0
136,106,1.0
44,8,1.0
12,93,1.0
18,251,1.0
249,53,1.0
229,8,1.0
89,179,1.0
68,25,1.0
9,116,1.0
255,4,1.0
37,255,1.0
220,8,1.0
58,64,1.0
8,233,1.0
1,164,1.0
263,52,1.0
287,253,1.0
218,10,1.0
73,24,1.0
197,3,1.0
221,13,1.0
89,30,1.0
222,43,1.0
186,106,1.0
80,47,1.0
137,155,1.0
126,245,1.0
180,4,1.0
15,14,1.0
10,167,1.0
20,30,1.0
241,204,1.0
143,255,1.0
157,33,1.0
269,49,1.0
252,36,1.0
196,15,1.0
16,292,1.0
17,139,1.0
99,232,1.0
10,23,1.0
74,21,1.0
213,252,1.0
88,233,1.0
97,50,1.0
17,22,1.0
59,47,1.0
58,132,1.0
275,24,1.0
26,122,1.0
217,95,1.0
250,197,1.0
216,134,1.0
13,110,1.0
61,87,1.0
6,103,1.0
287,13,1.0
19,26,1.0
195,38,1.0
15,243,1.0
171,174,1.0
51,139,1.0
38,195,1.0
126,194,1.0
28,53,1.0
300,3,1.0
202,5,1.0
158,160,1.0
35,165,1.0
23,78,1.0
225,33,1.0
17,74,1.0
55,293,1.0
164,103,1.0
162,248,1.0
18,136,1.0
192,111,1.0
16,235,1.0
290,105,1.0
5,57,1.0
6,53,1.0
5,59,1.0
260,7,1.0
270,93,1.0
90,58,1.0
16,107,1.0
155,9,1.0
35,49,1.0
96,16,1.0
242,4,1.0
191,33,1.0
149,278,1.0
220,33,1.0
150,32,1.0
153,4,1.0
167,39,1.0
127,249,1.0
99,57,1.0
262,16,1.0
1,169,1.0
16,40,1.0
42,62,1.0
47,30,1.0
43,39,1.0
264,15,1.0
133,73,1.0
138,23,1.0
129,51,1.0
183,11,1.0
74,60,1.0
229,6,1.0
126,8,1.0
202,116,1.0
23,11,1.0
113,245,1.0
10,71,1.0
194,33,1.0
28,209,1.0
280,28,1.0
19,106,1.0
287,55,1.0
31,59,1.0
147,2,1.0
103,8,1.0
19,117,1.0
216,57,1.0
82,15,1.0
54,134,1.0
3,86,1.0
124,77,1.0
204,3,1.0
179,11,1.0
51,247,1.0
212,2,1.0
180,15,1.0
50,32,1.0
1,224,1.0
127,173,1.0
18,263,1.0
263,14,1.0
131,87,1.0
296,288,1.0
47,22,1.0
241,2,1.0
6,105,1.0
220,74,1.0
205,93,1.0
150,76,1.0
29,47,1.0
36,95,1.0
31,60,1.0
141,8,1.0
38,106,1.0
24,8,1.0
127,4,1.0
18,150,1.0
197,71,1.0
158,123,1.0
156,52,1.0
28,288,1.0
129,18,1.0
6,242,1.0
213,157,1.0
15,139,1.0
264,59,1.0
158,18,1.0
211,11,1.0
246,21,1.0
129,195,1.0
150,110,1.0
222,60,1.0
204,97,1.0
108,15,1.0
206,135,1.0
51,28,1.0
59,40,1.0
32,259,1.0
211,20,1.0
181,52,1.0
58,61,1.0
189,6,1.0
68,272,1.0
30,11,1.0
6,225,1.0
12,233,1.0
105,25,1.0
44,59,1.0
54,47,1.0
43,125,1.0
269,25,1.0
149,74,1.0
196,34,1.0
15,278,1.0
124,200,1.0
64,73,1.0
228,4,1.0
181,5,1.0
41,75,1.0
297,104,1.0
13,156,1.0
29,7,1.0
38,35,1.0
59,45,1.0
12,245,1.0
5,173,1.0
37,159,1.0
18,153,1.0
135,268,1.0
129,43,1.0
285,150,1.0
42,105,1.0
17,110,1.0
10,105,1.0
96,47,1.0
67,148,1.0
125,56,1.0
192,52,1.0
153,3,1.0
32,53,1.0
195,221,1.0
10,227,1.0
281,2,1.0
14,173,1.0
286,42,1.0
18,105,1.0
223,240,1.0
196,26,1.0
14,115,1.0
38,25,1.0
84,13,1.0
47,49,1.0
16,189,1.0
297,248,1.0
54,22,1.0
51,102,1.0
204,4,1.0
258,4,1.0
35,16,1.0
25,49,1.0
266,13,1.0
29,9,1.0
32,165,1.0
9,186,1.0
26,53,1.0
183,45,1.0
54,139,1.0
174,2,1.0
239,9,1.0
111,22,1.0
220,297,1.0
3,199,1.0
59,33,1.0
72,93,1.0
134,9,1.0
19,271,1.0
19,33,1.0
3,233,1.0
277,26,1.0
6,253,1.0
115,6,1.0
27,38,1.0
134,15,1.0
130,19,1.0
2,154,1.0
23,41,1.0
83,124,1.0
241,149,1.0
153,45,1.0
14,195,1.0
207,10,1.0
294,13,1.0
152,10,1.0
218,52,1.0
221,7,1.0
193,9,1.0
1,186,1.0
13,235,1.0
20,183,1.0
56,24,1.0
129,3,1.0
18,59,1.0
44,99,1.0
131,4,1.0
127,6,1.0
70,4,1.0
26,163,1.0
196,65,1.0
263,53,1.0
255,11,1.0
28,192,1.0
294,159,1.0
32,6,1.0
72,244,1.0
112,25,1.0
68,9,1.0
43,113,1.0
132,4,1.0
223,5,1.0
3,40,1.0
231,103,1.0
50,25,1.0
6,76,1.0
173,107,1.0
10,101,1.0
227,283,1.0
16,39,1.0
158,28,1.0
67,26,1.0
239,272,1.0
286,4,1.0
3,54,1.0
263,183,1.0
221,283,1.0
61,92,1.0
121,136,1.0
175,247,1.0
6,95,1.0
178,156,1.0
141,245,1.0
204,276,1.0
125,7,1.0
36,139,1.0
82,200,1.0
139,255,1.0
270,2,1.0
75,3,1.0
187,106,1.0
15,71,1.0
143,20,1.0
65,146,1.0
3,276,1.0
6,139,1.0
15,69,1.0
78,4,1.0
131,14,1.0
23,47,1.0
3,288,1.0
88,45,1.0
249,173,1.0
244,67,1.0
54,38,1.0
218,47,1.0
9,58,1.0
47,103,1.0
150,197,1.0
195,8,1.0
242,19,1.0
43,49,1.0
89,43,1.0
85,290,1.0
31,52,1.0
29,251,1.0
191,2,1.0
73,31,1.0
195,22,1.0
28,139,1.0
44,29,1.0
67,165,1.0
60,22,1.0
19,298,1.0
7,94,1.0
243,3,1.0
254,13,1.0
150,25,1.0
102,55,1.0
197,106,1.0
72,1,1.0
54,298,1.0
68,15,1.0
32,140,1.0
294,11,1.0
178,11,1.0
88,9,1.0
145,2,1.0
35,212,1.0
205,4,1.0
250,2,1.0
26,76,1.0
127,24,1.0
51,35,1.0
236,293,1.0
60,64,1.0
43,161,1.0
158,110,1.0
20,82,1.0
148,218,1.0
218,58,1.0
12,22,1.0
120,2,1.0
23,58,1.0
12,214,1.0
55,8,1.0
46,271,1.0
28,5,1.0
81,116,1.0
258,24,1.0
3,168,1.0
258,254,1.0
17,78,1.0
163,13,1.0
170,87,1.0
215,20,1.0
80,48,1.0
221,60,1.0
225,194,1.0
186,27,1.0
155,18,1.0
189,4,1.0
137,8,1.0
252,153,1.0
245,33,1.0
184,25,1.0
18,42,1.0
23,186,1.0
138,33,1.0
46,6,1.0
32,36,1.0
205,80,1.0
7,263,1.0
211,16,1.0
119,25,1.0
41,188,1.0
95,5,1.0
263,273,1.0
67,8,1.0
131,3,1.0
262,39,1.0
157,104,1.0
42,185,1.0
259,167,1.0
3,227,1.0
166,103,1.0
46,35,1.0
99,10,1.0
109,197,1.0
58,39,1.0
113,84,1.0
47,188,1.0
14,103,1.0
51,119,1.0
205,28,1.0
2,75,1.0
143,36,1.0
177,10,1.0
27,2,1.0
107,11,1.0
74,159,1.0
95,120,1.0
232,2,1.0
13,71,1.0
211,45,1.0
219,2,1.0
3,107,1.0
135,153,1.0
39,134,1.0
13,188,1.0
46,88,1.0
129,4,1.0
1,183,1.0
1,267,1.0
27,62,1.0
17,20,1.0
71,45,1.0
285,49,1.0
18,108,1.0
112,8,1.0
141,183,1.0
165,9,1.0
72,63,1.0
252,35,1.0
157,255,1.0
6,45,1.0
3,105,1.0
80,6,1.0
12,171,1.0
31,165,1.0
180,31,1.0
163,104,1.0
6,107,1.0
36,105,1.0
41,7,1.0
183,40,1.0
222,87,1.0
46,100,1.0
192,7,1.0
15,123,1.0
1,126,1.0
82,3,1.0
51,90,1.0
173,8,1.0
138,30,1.0
228,8,1.0
205,3,1.0
249,257,1.0
99,110,1.0
260,52,1.0
266,24,1.0
3,283,1.0
18,176,1.0
206,9,1.0
14,255,1.0
115,235,1.0
3,126,1.0
82,30,1.0
168,8,1.0
59,9,1.0
189,3,1.0
262,298,1.0
3,78,1.0
272,15,1.0
14,39,1.0
99,25,1.0
160,48,1.0
57,25,1.0
126,12,1.0
242,169,1.0
74,146,1.0
18,197,1.0
162,284,1.0
221,74,1.0
265,10,1.0
35,19,1.0
1,139,1.0
43,30,1.0
157,7,1.0
26,173,1.0
10,157,1.0
294,77,1.0
254,8,1.0
181,44,1.0
3,46,1.0
124,233,1.0
115,111,1.0
263,7,1.0
32,28,1.0
95,146,1.0
42,99,1.0
44,32,1.0
32,103,1.0
1,85,1.0
182,136,1.0
1,261,1.0
54,77,1.0
66,2,1.0
23,106,1.0
17,154,1.0
218,55,1.0
184,11,1.0
15,30,1.0
43,54,1.0
183,2,1.0
207,144,1.0
18,165,1.0
47,61,1.0
108,14,1.0
105,71,1.0
191,168,1.0
108,173,1.0
3,76,1.0
16,297,1.0
164,95,1.0
5,61,1.0
1,177,1.0
179,7,1.0
14,24,1.0
24,34,1.0
3,139,1.0
63,57,1.0
159,233,1.0
238,39,1.0
88,6,1.0
287,103,1.0
192,247,1.0
28,169,1.0
101,16,1.0
29,95,1.0
90,9,1.0
291,23,1.0
43,12,1.0
30,33,1.0
29,233,1.0
74,34,1.0
152,260,1.0
237,300,1.0
280,209,1.0
12,253,1.0
129,13,1.0
252,11,1.0
14,162,1.0
7,69,1.0
206,255,1.0
82,4,1.0
41,71,1.0
277,9,1.0
76,45,1.0
14,146,1.0
39,87,1.0
102,64,1.0
280,3,1.0
7,194,1.0
35,183,1.0
226,2,1.0
26,107,1.0
10,41,1.0
17,62,1.0
6,25,1.0
19,208,1.0
1,260,1.0
286,40,1.0
80,62,1.0
18,126,1.0
56,23,1.0
164,74,1.0
38,8,1.0
41,197,1.0
265,7,1.0
9,224,1.0
211,200,1.0
41,162,1.0
1,296,1.0
201,253,1.0
178,52,1.0
63,6,1.0
42,45,1.0
15,126,1.0
286,3,1.0
257,169,1.0
63,44,1.0
10,163,1.0
42,47,1.0
10,91,1.0
216,26,1.0
203,157,1.0
26,79,1.0
152,5,1.0
6,187,1.0
50,11,1.0
5,82,1.0
291,56,1.0
63,42,1.0
158,3,1.0
150,62,1.0
3,255,1.0
75,4,1.0
47,53,1.0
294,8,1.0
38,281,1.0
182,186,1.0
83,30,1.0
233,33,1.0
206,47,1.0
223,11,1.0
134,173,1.0
282,2,1.0
80,59,1.0
70,30,1.0
193,2,1.0
165,74,1.0
103,11,1.0
181,7,1.0
10,162,1.0
20,150,1.0
115,53,1.0
131,117,1.0
16,104,1.0
149,6,1.0
129,21,1.0
19,58,1.0
15,145,1.0
231,11,1.0
107,174,1.0
241,70,1.0
36,47,1.0
190,15,1.0
120,11,1.0
272,2,1.0
249,32,1.0
284,2,1.0
53,4,1.0
247,2,1.0
15,132,1.0
18,6,1.0
12,273,1.0
9,240,1.0
248,2,1.0
20,70,1.0
31,8,1.0
39,119,1.0
241,176,1.0
58,5,1.0
105,194,1.0
17,186,1.0
63,81,1.0
173,9,1.0
16,122,1.0
3,120,1.0
77,154,1.0
234,13,1.0
80,27,1.0
204,200,1.0
245,11,1.0
1,202,1.0
13,103,1.0
275,3,1.0
161,225,1.0
53,14,1.0
259,140,1.0
18,93,1.0
9,199,1.0
247,13,1.0
44,111,1.0
294,125,1.0
6,117,1.0
79,34,1.0
15,79,1.0
24,144,1.0
297,188,1.0
299,28,1.0
77,157,1.0
263,3,1.0
119,298,1.0
38,57,1.0
46,60,1.0
3,45,1.0
125,14,1.0
1,250,1.0
28,224,1.0
37,50,1.0
280,15,1.0
9,278,1.0
19,225,1.0
26,35,1.0
215,115,1.0
135,195,1.0
56,168,1.0
143,24,1.0
125,3,1.0
42,58,1.0
9,70,1.0
43,41,1.0
1,134,1.0
257,192,1.0
9,26,1.0
20,19,1.0
24,20,1.0
37,231,1.0
72,232,1.0
133,93,1.0
151,120,1.0
44,45,1.0
221,21,1.0
38,115,1.0
132,52,1.0
54,184,1.0
59,128,1.0
51,22,1.0
97,20,1.0
14,67,1.0
61,11,1.0
141,35,1.0
20,14,1.0
135,36,1.0
244,9,1.0
144,2,1.0
12,66,1.0
130,25,1.0
44,187,1.0
149,32,1.0
10,108,1.0
73,71,1.0
124,60,1.0
130,8,1.0
41,3,1.0
215,164,1.0
19,243,1.0
127,11,1.0
32,52,1.0
19,221,1.0
46,291,1.0
180,40,1.0
83,22,1.0
265,2,1.0
54,36,1.0
36,9,1.0
43,28,1.0
204,83,1.0
113,14,1.0
195,74,1.0
94,32,1.0
45,40,1.0
12,104,1.0
6,283,1.0
240,2,1.0
103,22,1.0
122,48,1.0
50,278,1.0
35,169,1.0
12,136,1.0
51,201,1.0
63,49,1.0
77,13,1.0
27,10,1.0
12,100,1.0
39,14,1.0
141,227,1.0
105,7,1.0
275,4,1.0
72,38,1.0
252,77,1.0
125,4,1.0
32,23,1.0
152,53,1.0
110,2,1.0
112,6,1.0
290,299,1.0
138,20,1.0
42,141,1.0
1,115,1.0
222,3,1.0
3,298,1.0
12,183,1.0
20,297,1.0
186,8,1.0
215,103,1.0
42,22,1.0
113,7,1.0
46,42,1.0
9,82,1.0
17,12,1.0
37,20,1.0
75,71,1.0
12,59,1.0
88,74,1.0
129,124,1.0
17,189,1.0
44,20,1.0
198,2,1.0
7,87,1.0
43,298,1.0
37,70,1.0
164,254,1.0
195,13,1.0
46,56,1.0
112,126,1.0
195,93,1.0
281,284,1.0
158,126,1.0
163,21,1.0
158,6,1.0
6,39,1.0
1,114,1.0
241,14,1.0
1,70,1.0
125,45,1.0
294,9,1.0
152,52,1.0
246,27,1.0
126,32,1.0
163,159,1.0
161,4,1.0
5,232,1.0
26,29,1.0
5,106,1.0
133,121,1.0
113,6,1.0
97,30,1.0
162,221,1.0
207,20,1.0
7,57,1.0
152,268,1.0
1,22,1.0
63,76,1.0
7,38,1.0
267,2,1.0
252,14,1.0
12,48,1.0
217,9,1.0
29,159,1.0
19,169,1.0
89,147,1.0
20,36,1.0
80,9,1.0
263,4,1.0
176,20,1.0
141,22,1.0
59,179,1.0
66,58,1.0
6,197,1.0
3,102,1.0
161,159,1.0
41,4,1.0
1,161,1.0
1,247,1.0
173,47,1.0
119,134,1.0
269,6,1.0
31,11,1.0
51,261,1.0
47,156,1.0
111,71,1.0
247,21,1.0
266,4,1.0
5,122,1.0
50,51,1.0
151,263,1.0
102,39,1.0
56,159,1.0
260,11,1.0
66,11,1.0
99,75,1.0
43,66,1.0
46,175,1.0
15,52,1.0
134,111,1.0
5,199,1.0
259,28,1.0
242,283,1.0
46,262,1.0
180,201,1.0
11,233,1.0
129,181,1.0
147,9,1.0
50,33,1.0
254,33,1.0
15,22,1.0
168,2,1.0
120,39,1.0
135,183,1.0
57,4,1.0
206,207,1.0
206,82,1.0
203,195,1.0
35,22,1.0
1,76,1.0
38,189,1.0
7,14,1.0
264,175,1.0
167,194,1.0
12,41,1.0
8,116,1.0
1,103,1.0
251,21,1.0
216,11,1.0
147,173,1.0
20,103,1.0
43,23,1.0
156,11,1.0
32,268,1.0
271,4,1.0
32,74,1.0
133,75,1.0
113,179,1.0
93,21,1.0
112,28,1.0
76,15,1.0
198,17,1.0
11,59,1.0
18,58,1.0
86,2,1.0
67,2,1.0
264,178,1.0
27,59,1.0
148,192,1.0
51,59,1.0
250,5,1.0
19,134,1.0
155,70,1.0
38,33,1.0
10,87,1.0
44,110,1.0
12,49,1.0
273,209,1.0
44,17,1.0
88,12,1.0
167,185,1.0
19,81,1.0
197,92,1.0
77,195,1.0
152,11,1.0
19,148,1.0
126,141,1.0
192,224,1.0
46,30,1.0
91,52,1.0
117,40,1.0
207,5,1.0
65,12,1.0
28,39,1.0
1,171,1.0
56,82,1.0
189,20,1.0
126,111,1.0
15,111,1.0
1,206,1.0
110,78,1.0
89,14,1.0
196,9,1.0
10,159,1.0
85,299,1.0
82,139,1.0
31,140,1.0
72,12,1.0
35,192,1.0
133,3,1.0
47,17,1.0
1,204,1.0
249,9,1.0
139,11,1.0
13,22,1.0
9,150,1.0
124,34,1.0
257,35,1.0
200,9,1.0
89,194,1.0
15,45,1.0
223,25,1.0
259,62,1.0
32,118,1.0
54,88,1.0
130,14,1.0
223,169,1.0
37,139,1.0
82,14,1.0
56,4,1.0
54,31,1.0
36,64,1.0
272,79,1.0
270,53,1.0
161,103,1.0
56,3,1.0
263,209,1.0
245,22,1.0
32,224,1.0
131,12,1.0
9,5,1.0
211,82,1.0
4,192,1.0
143,39,1.0
95,123,1.0
14,21,1.0
17,7,1.0
234,209,1.0
200,2,1.0
149,256,1.0
10,24,1.0
149,159,1.0
158,5,1.0
1,145,1.0
202,108,1.0
166,293,1.0
3,192,1.0
165,4,1.0
43,33,1.0
29,168,1.0
5,260,1.0
3,116,1.0
44,65,1.0
1,299,1.0
19,46,1.0
182,151,1.0
14,286,1.0
17,260,1.0
234,3,1.0
150,4,1.0
18,49,1.0
129,106,1.0
63,139,1.0
46,264,1.0
189,10,1.0
60,57,1.0
184,16,1.0
56,6,1.0
241,6,1.0
51,47,1.0
76,66,1.0
272,40,1.0
202,14,1.0
163,9,1.0
7,245,1.0
63,246,1.0
43,94,1.0
218,283,1.0
105,2,1.0
134,8,1.0
43,131,1.0
149,33,1.0
135,209,1.0
42,49,1.0
273,40,1.0
16,57,1.0
19,25,1.0
105,33,1.0
200,70,1.0
10,46,1.0
8,123,1.0
15,103,1.0
101,78,1.0
54,56,1.0
104,146,1.0
133,4,1.0
207,45,1.0
97,45,1.0
29,4,1.0
57,118,1.0
77,12,1.0
178,12,1.0
1,272,1.0
3,61,1.0
215,32,1.0
190,224,1.0
35,62,1.0
17,24,1.0
269,1,1.0
16,54,1.0
43,194,1.0
64,24,1.0
35,225,1.0
2,81,1.0
144,168,1.0
37,38,1.0
155,203,1.0
182,187,1.0
135,50,1.0
19,62,1.0
16,185,1.0
189,7,1.0
200,30,1.0
220,3,1.0
150,170,1.0
51,11,1.0
181,294,1.0
299,105,1.0
297,2,1.0
5,110,1.0
18,203,1.0
32,7,1.0
59,173,1.0
8,225,1.0
215,5,1.0
266,150,1.0
158,118,1.0
280,10,1.0
165,3,1.0
163,3,1.0
1,99,1.0
206,45,1.0
152,2,1.0
10,95,1.0
173,12,1.0
207,6,1.0
10,60,1.0
41,99,1.0
7,110,1.0
285,216,1.0
160,2,1.0
121,50,1.0
151,7,1.0
77,8,1.0
94,4,1.0
18,60,1.0
32,110,1.0
7,225,1.0
216,240,1.0
10,28,1.0
37,156,1.0
20,40,1.0
181,22,1.0
287,51,1.0
215,34,1.0
203,14,1.0
32,31,1.0
42,56,1.0
82,157,1.0
41,49,1.0
125,82,1.0
144,57,1.0
38,162,1.0
20,151,1.0
245,194,1.0
36,34,1.0
51,184,1.0
8,33,1.0
36,4,1.0
32,10,1.0
12,45,1.0
177,57,1.0
32,111,1.0
67,242,1.0
206,24,1.0
2,87,1.0
238,266,1.0
37,51,1.0
179,3,1.0
25,40,1.0
44,253,1.0
15,5,1.0
4,116,1.0
38,51,1.0
203,144,1.0
1,62,1.0
10,297,1.0
127,5,1.0
212,11,1.0
127,240,1.0
1,231,1.0
20,11,1.0
60,21,1.0
1,242,1.0
12,32,1.0
189,8,1.0
55,25,1.0
95,103,1.0
242,165,1.0
221,146,1.0
38,248,1.0
31,6,1.0
44,50,1.0
1,253,1.0
103,45,1.0
18,204,1.0
72,50,1.0
20,28,1.0
46,40,1.0
1,151,1.0
73,4,1.0
166,219,1.0
229,14,1.0
32,67,1.0
1,120,1.0
38,3,1.0
9,87,1.0
192,3,1.0
97,9,1.0
1,74,1.0
262,13,1.0
131,76,1.0
20,288,1.0
26,9,1.0
204,30,1.0
12,23,1.0
160,35,1.0
148,2,1.0
58,195,1.0
64,71,1.0
39,263,1.0
189,284,1.0
260,28,1.0
1,199,1.0
16,163,1.0
112,117,1.0
263,22,1.0
139,21,1.0
1,185,1.0
74,278,1.0
226,192,1.0
206,95,1.0
262,54,1.0
124,9,1.0
15,87,1.0
53,25,1.0
77,25,1.0
26,28,1.0
237,51,1.0
189,13,1.0
88,77,1.0
3,43,1.0
95,111,1.0
42,59,1.0
130,11,1.0
37,161,1.0
94,3,1.0
227,25,1.0
6,116,1.0
176,38,1.0
137,38,1.0
252,24,1.0
223,28,1.0
59,36,1.0
195,235,1.0
31,219,1.0
14,178,1.0
42,291,1.0
43,82,1.0
28,140,1.0
178,235,1.0
10,146,1.0
215,53,1.0
291,45,1.0
105,118,1.0
92,7,1.0
257,224,1.0
120,7,1.0
164,2,1.0
5,22,1.0
291,12,1.0
24,168,1.0
287,166,1.0
23,22,1.0
155,176,1.0
199,2,1.0
55,119,1.0
17,52,1.0
60,11,1.0
177,2,1.0
131,6,1.0
206,8,1.0
217,206,1.0
87,21,1.0
19,42,1.0
286,1,1.0
50,17,1.0
46,10,1.0
14,23,1.0
58,118,1.0
138,53,1.0
31,184,1.0
44,53,1.0
185,4,1.0
262,20,1.0
67,140,1.0
129,285,1.0
29,12,1.0
7,106,1.0
89,11,1.0
158,11,1.0
230,2,1.0
9,154,1.0
6,247,1.0
3,152,1.0
99,6,1.0
208,268,1.0
244,44,1.0
222,170,1.0
20,157,1.0
288,45,1.0
54,53,1.0
286,15,1.0
86,32,1.0
5,170,1.0
280,134,1.0
177,6,1.0
37,183,1.0
131,102,1.0
70,255,1.0
3,281,1.0
220,278,1.0
35,10,1.0
18,83,1.0
211,24,1.0
1,240,1.0
226,194,1.0
51,219,1.0
46,138,1.0
68,183,1.0
28,52,1.0
72,4,1.0
16,221,1.0
207,36,1.0
213,168,1.0
158,36,1.0
35,40,1.0
178,15,1.0
24,39,1.0
61,25,1.0
158,7,1.0
50,2,1.0
10,148,1.0
160,6,1.0
141,159,1.0
137,204,1.0
273,79,1.0
6,192,1.0
20,74,1.0
171,198,1.0
67,12,1.0
1,284,1.0
19,60,1.0
17,82,1.0
31,12,1.0
1,152,1.0
181,115,1.0
36,58,1.0
7,282,1.0
242,5,1.0
287,3,1.0
213,10,1.0
26,131,1.0
5,149,1.0
71,106,1.0
18,246,1.0
157,168,1.0
207,252,1.0
46,59,1.0
17,76,1.0
251,3,1.0
134,209,1.0
122,39,1.0
38,187,1.0
155,6,1.0
56,11,1.0
18,135,1.0
6,240,1.0
14,106,1.0
268,122,1.0
43,17,1.0
64,118,1.0
98,139,1.0
254,111,1.0
38,7,1.0
39,45,1.0
121,4,1.0
9,209,1.0
120,255,1.0
180,5,1.0
127,167,1.0
24,255,1.0
139,87,1.0
17,131,1.0
186,232,1.0
172,78,1.0
7,154,1.0
91,2,1.0
6,110,1.0
20,53,1.0
211,37,1.0
95,74,1.0
164,294,1.0
82,70,1.0
43,163,1.0
3,188,1.0
6,111,1.0
147,24,1.0
18,121,1.0
37,111,1.0
19,16,1.0
290,32,1.0
244,14,1.0
261,64,1.0
245,4,1.0
43,225,1.0
152,7,1.0
164,53,1.0
137,30,1.0
195,50,1.0
281,188,1.0
222,21,1.0
18,107,1.0
8,25,1.0
88,23,1.0
26,134,1.0
165,21,1.0
112,15,1.0
32,39,1.0
82,12,1.0
248,34,1.0
114,11,1.0
153,195,1.0
152,192,1.0
264,39,1.0
208,280,1.0
258,9,1.0
19,38,1.0
18,20,1.0
47,227,1.0
264,2,1.0
208,298,1.0
30,14,1.0
66,132,1.0
137,70,1.0
1,162,1.0
108,9,1.0
242,192,1.0
72,3,1.0
35,25,1.0
287,4,1.0
5,38,1.0
115,30,1.0
134,13,1.0
44,246,1.0
206,214,1.0
42,246,1.0
24,128,1.0
232,189,1.0
27,12,1.0
97,138,1.0
155,235,1.0
35,13,1.0
46,54,1.0
10,109,1.0
5,165,1.0
66,47,1.0
18,284,1.0
67,60,1.0
223,2,1.0
46,82,1.0
226,179,1.0
155,16,1.0
15,24,1.0
169,25,1.0
131,19,1.0
35,70,1.0
12,106,1.0
115,34,1.0
109,63,1.0
241,195,1.0
90,2,1.0
257,223,1.0
251,4,1.0
171,2,1.0
9,139,1.0
58,55,1.0
77,33,1.0
26,65,1.0
41,103,1.0
185,22,1.0
38,74,1.0
141,52,1.0
7,93,1.0
179,4,1.0
7,232,1.0
63,10,1.0
157,214,1.0
61,8,1.0
242,25,1.0
75,15,1.0
261,185,1.0
105,53,1.0
243,59,1.0
134,12,1.0
264,30,1.0
86,17,1.0
83,4,1.0
105,52,1.0
200,36,1.0
51,52,1.0
148,240,1.0
2,253,1.0
180,9,1.0
17,87,1.0
76,8,1.0
167,60,1.0
207,214,1.0
285,197,1.0
36,151,1.0
257,119,1.0
83,3,1.0
192,28,1.0
214,2,1.0
138,36,1.0
158,56,1.0
6,285,1.0
191,70,1.0
95,53,1.0
9,187,1.0
65,13,1.0
182,62,1.0
121,106,1.0
251,7,1.0
217,10,1.0
14,75,1.0
58,52,1.0
18,128,1.0
243,40,1.0
1,278,1.0
64,87,1.0
121,285,1.0
129,8,1.0
35,283,1.0
129,41,1.0
8,119,1.0
36,30,1.0
1,208,1.0
242,32,1.0
5,76,1.0
6,48,1.0
14,71,1.0
19,218,1.0
12,79,1.0
150,49,1.0
62,8,1.0
137,203,1.0
223,216,1.0
241,226,1.0
9,119,1.0
12,87,1.0
182,15,1.0
14,66,1.0
35,107,1.0
144,100,1.0
70,168,1.0
58,221,1.0
18,10,1.0
262,43,1.0
24,6,1.0
192,4,1.0
40,188,1.0
263,76,1.0
35,67,1.0
37,40,1.0
18,111,1.0
26,159,1.0
105,4,1.0
59,165,1.0
207,37,1.0
216,167,1.0
129,9,1.0
265,44,1.0
5,62,1.0
181,164,1.0
270,116,1.0
163,36,1.0
31,67,1.0
64,32,1.0
198,48,1.0
47,225,1.0
202,107,1.0
67,15,1.0
223,147,1.0
85,51,1.0
159,22,1.0
238,6,1.0
222,9,1.0
88,124,1.0
6,169,1.0
161,33,1.0
158,122,1.0
206,20,1.0
10,243,1.0
129,5,1.0
287,17,1.0
46,24,1.0
1,225,1.0
54,45,1.0
54,10,1.0
160,260,1.0
20,248,1.0
113,30,1.0
43,118,1.0
134,240,1.0
203,100,1.0
16,97,1.0
126,43,1.0
150,51,1.0
176,14,1.0
88,14,1.0
3,52,1.0
205,53,1.0
234,28,1.0
264,235,1.0
127,147,1.0
223,3,1.0
82,2,1.0
296,47,1.0
80,3,1.0
12,50,1.0
1,87,1.0
4,253,1.0
32,299,1.0
11,81,1.0
44,81,1.0
101,198,1.0
177,17,1.0
206,195,1.0
277,2,1.0
5,71,1.0
102,60,1.0
56,45,1.0
20,246,1.0
42,111,1.0
176,6,1.0
3,174,1.0
14,182,1.0
296,61,1.0
108,47,1.0
19,87,1.0
286,201,1.0
3,95,1.0
37,185,1.0
270,11,1.0
80,12,1.0
51,21,1.0
31,15,1.0
14,161,1.0
155,83,1.0
14,116,1.0
1,172,1.0
159,2,1.0
2,32,1.0
240,11,1.0
27,182,1.0
1,130,1.0
64,31,1.0
61,114,1.0
64,274,1.0
124,2,1.0
203,22,1.0
27,6,1.0
3,235,1.0
186,4,1.0
47,11,1.0
144,77,1.0
247,9,1.0
1,157,1.0
193,3,1.0
257,32,1.0
204,82,1.0
130,2,1.0
65,297,1.0
218,24,1.0
128,92,1.0
43,195,1.0
35,20,1.0
35,214,1.0
176,82,1.0
19,53,1.0
102,8,1.0
150,6,1.0
54,162,1.0
202,4,1.0
38,73,1.0
234,12,1.0
19,47,1.0
163,95,1.0
138,4,1.0
98,2,1.0
124,95,1.0
66,168,1.0
255,214,1.0
297,49,1.0
35,195,1.0
12,71,1.0
103,156,1.0
181,10,1.0
111,4,1.0
6,148,1.0
252,97,1.0
180,51,1.0
129,44,1.0
197,25,1.0
43,20,1.0
26,182,1.0
10,269,1.0
215,61,1.0
60,76,1.0
28,242,1.0
16,248,1.0
54,208,1.0
12,121,1.0
32,124,1.0
108,6,1.0
109,41,1.0
272,3,1.0
91,7,1.0
260,15,1.0
36,82,1.0
17,106,1.0
280,39,1.0
105,169,1.0
9,132,1.0
241,124,1.0
220,156,1.0
208,276,1.0
6,222,1.0
129,221,1.0
26,282,1.0
59,110,1.0
270,119,1.0
155,204,1.0
109,232,1.0
241,97,1.0
80,4,1.0
42,194,1.0
129,50,1.0
35,253,1.0
205,5,1.0
195,255,1.0
31,102,1.0
43,19,1.0
16,182,1.0
35,60,1.0
250,49,1.0
247,47,1.0
138,3,1.0
275,254,1.0
165,35,1.0
63,71,1.0
1,289,1.0
297,13,1.0
9,219,1.0
168,33,1.0
203,12,1.0
12,168,1.0
86,4,1.0
177,27,1.0
231,14,1.0
16,38,1.0
171,14,1.0
294,231,1.0
211,144,1.0
70,34,1.0
193,146,1.0
280,2,1.0
115,70,1.0
43,178,1.0
173,3,1.0
151,45,1.0
202,174,1.0
6,60,1.0
59,7,1.0
16,195,1.0
112,19,1.0
10,94,1.0
290,140,1.0
247,194,1.0
51,45,1.0
51,165,1.0
173,4,1.0
1,132,1.0
241,38,1.0
15,26,1.0
263,40,1.0
18,232,1.0
134,28,1.0
42,154,1.0
92,114,1.0
23,100,1.0
46,159,1.0
277,282,1.0
38,88,1.0
3,159,1.0
3,245,1.0
221,33,1.0
17,45,1.0
36,247,1.0
230,236,1.0
42,184,1.0
207,191,1.0
68,128,1.0
6,168,1.0
61,288,1.0
210,10,1.0
177,8,1.0
26,194,1.0
37,124,1.0
46,150,1.0
186,57,1.0
8,40,1.0
207,8,1.0
207,24,1.0
131,47,1.0
164,33,1.0
126,118,1.0
82,22,1.0
97,11,1.0
42,9,1.0
97,35,1.0
52,4,1.0
88,8,1.0
32,192,1.0
297,3,1.0
242,11,1.0
126,23,1.0
63,19,1.0
155,30,1.0
2,209,1.0
23,159,1.0
53,5,1.0
274,32,1.0
153,144,1.0
145,151,1.0
16,202,1.0
135,14,1.0
3,38,1.0
100,7,1.0
63,86,1.0
274,73,1.0
244,232,1.0
63,41,1.0
67,194,1.0
18,13,1.0
215,9,1.0
258,233,1.0
244,246,1.0
129,52,1.0
46,8,1.0
165,10,1.0
270,233,1.0
10,247,1.0
8,34,1.0
93,87,1.0
95,13,1.0
76,62,1.0
20,71,1.0
35,148,1.0
6,23,1.0
9,146,1.0
126,57,1.0
3,204,1.0
16,296,1.0
12,283,1.0
260,2,1.0
31,9,1.0
57,21,1.0
6,55,1.0
195,11,1.0
139,150,1.0
24,162,1.0
36,118,1.0
145,39,1.0
136,187,1.0
136,4,1.0
197,93,1.0
53,13,1.0
126,2,1.0
77,4,1.0
58,199,1.0
190,39,1.0
147,8,1.0
1,108,1.0
19,122,1.0
255,22,1.0
141,15,1.0
151,22,1.0
158,48,1.0
243,5,1.0
13,199,1.0
65,47,1.0
38,199,1.0
5,216,1.0
181,40,1.0
190,28,1.0
195,4,1.0
135,255,1.0
119,26,1.0
165,13,1.0
61,39,1.0
152,39,1.0
74,45,1.0
92,60,1.0
294,115,1.0
41,151,1.0
3,144,1.0
203,19,1.0
26,12,1.0
16,174,1.0
163,248,1.0
107,53,1.0
218,4,1.0
255,45,1.0
109,150,1.0
18,39,1.0
35,114,1.0
44,232,1.0
58,7,1.0
14,247,1.0
119,40,1.0
268,52,1.0
215,8,1.0
167,53,1.0
97,8,1.0
6,170,1.0
28,12,1.0
167,105,1.0
141,156,1.0
37,60,1.0
89,13,1.0
204,280,1.0
189,221,1.0
12,52,1.0
9,94,1.0
141,13,1.0
141,7,1.0
44,21,1.0
13,154,1.0
9,16,1.0
38,77,1.0
93,4,1.0
51,7,1.0
122,4,1.0
10,182,1.0
181,13,1.0
65,183,1.0
42,245,1.0
1,275,1.0
56,33,1.0
43,97,1.0
17,11,1.0
252,20,1.0
145,5,1.0
67,102,1.0
15,273,1.0
296,11,1.0
192,169,1.0
14,157,1.0
6,212,1.0
257,28,1.0
4,194,1.0
102,167,1.0
111,34,1.0
29,146,1.0
152,179,1.0
217,248,1.0
165,103,1.0
10,74,1.0
272,141,1.0
20,39,1.0
129,151,1.0
24,19,1.0
247,15,1.0
280,6,1.0
46,98,1.0
207,157,1.0
196,163,1.0
60,132,1.0
97,157,1.0
5,245,1.0
192,268,1.0
164,32,1.0
31,61,1.0
35,59,1.0
23,17,1.0
155,82,1.0
141,178,1.0
3,48,1.0
3,154,1.0
229,16,1.0
45,25,1.0
59,247,1.0
5,277,1.0
157,70,1.0
159,156,1.0
2,165,1.0
186,75,1.0
94,19,1.0
287,236,1.0
139,4,1.0
89,7,1.0
1,232,1.0
86,60,1.0
88,59,1.0
107,17,1.0
229,47,1.0
5,280,1.0
68,141,1.0
15,225,1.0
206,29,1.0
60,7,1.0
19,17,1.0
15,120,1.0
95,7,1.0
143,34,1.0
24,173,1.0
58,74,1.0
20,25,1.0
163,47,1.0
6,157,1.0
133,25,1.0
203,35,1.0
12,44,1.0
37,245,1.0
72,177,1.0
124,90,1.0
125,231,1.0
16,51,1.0
162,54,1.0
186,21,1.0
206,36,1.0
249,212,1.0
264,243,1.0
5,119,1.0
260,6,1.0
277,224,1.0
174,21,1.0
3,93,1.0
36,183,1.0
163,168,1.0
171,209,1.0
97,36,1.0
260,8,1.0
269,4,1.0
54,7,1.0
15,53,1.0
243,10,1.0
76,111,1.0
26,123,1.0
22,40,1.0
3,90,1.0
42,3,1.0
258,30,1.0
245,8,1.0
15,33,1.0
12,165,1.0
72,19,1.0
41,216,1.0
129,241,1.0
7,40,1.0
239,141,1.0
24,183,1.0
252,195,1.0
38,14,1.0
277,6,1.0
44,105,1.0
35,52,1.0
204,235,1.0
67,62,1.0
115,22,1.0
132,11,1.0
138,13,1.0
252,34,1.0
68,7,1.0
63,105,1.0
200,22,1.0
19,24,1.0
9,120,1.0
147,167,1.0
32,20,1.0
53,288,1.0
19,187,1.0
24,9,1.0
6,44,1.0
203,115,1.0
99,14,1.0
82,33,1.0
126,156,1.0
7,246,1.0
112,26,1.0
179,13,1.0
207,3,1.0
58,13,1.0
1,149,1.0
78,25,1.0
147,192,1.0
1,274,1.0
16,21,1.0
6,209,1.0
175,13,1.0
124,199,1.0
7,78,1.0
109,186,1.0
266,289,1.0
67,66,1.0
42,178,1.0
231,159,1.0
42,73,1.0
12,157,1.0
249,26,1.0
279,2,1.0
176,200,1.0
54,5,1.0
60,93,1.0
3,209,1.0
58,76,1.0
10,255,1.0
211,206,1.0
141,33,1.0
50,130,1.0
129,93,1.0
20,21,1.0
16,179,1.0
85,167,1.0
35,28,1.0
141,254,1.0
15,204,1.0
18,25,1.0
283,165,1.0
207,135,1.0
102,4,1.0
141,2,1.0
6,50,1.0
47,202,1.0
8,194,1.0
238,51,1.0
247,184,1.0
38,19,1.0
102,12,1.0
18,65,1.0
7,199,1.0
153,214,1.0
153,10,1.0
129,73,1.0
243,39,1.0
10,221,1.0
246,232,1.0
291,138,1.0
15,263,1.0
205,9,1.0
223,212,1.0
8,21,1.0
146,233,1.0
167,2,1.0
215,95,1.0
245,159,1.0
28,116,1.0
105,13,1.0
3,17,1.0
56,70,1.0
269,3,1.0
83,11,1.0
31,139,1.0
190,277,1.0
266,25,1.0
147,21,1.0
60,283,1.0
37,47,1.0
201,2,1.0
144,39,1.0
257,114,1.0
93,51,1.0
35,240,1.0
68,40,1.0
207,104,1.0
26,34,1.0
99,118,1.0
52,71,1.0
209,116,1.0
17,51,1.0
197,297,1.0
72,57,1.0
74,25,1.0
77,199,1.0
238,7,1.0
6,66,1.0
152,135,1.0
36,255,1.0
213,6,1.0
144,183,1.0
28,98,1.0
83,50,1.0
82,34,1.0
54,295,1.0
297,15,1.0
24,45,1.0
15,151,1.0
215,13,1.0
55,7,1.0
135,48,1.0
18,62,1.0
63,150,1.0
207,4,1.0
76,6,1.0
74,2,1.0
277,59,1.0
36,40,1.0
34,69,1.0
115,74,1.0
184,4,1.0
7,227,1.0
32,278,1.0
6,186,1.0
14,201,1.0
144,70,1.0
264,138,1.0
145,8,1.0
129,30,1.0
3,26,1.0
156,188,1.0
104,2,1.0
113,13,1.0
10,42,1.0
28,47,1.0
110,52,1.0
20,33,1.0
34,4,1.0
104,21,1.0
121,7,1.0
206,10,1.0
2,71,1.0
19,28,1.0
143,12,1.0
254,7,1.0
141,47,1.0
43,134,1.0
207,153,1.0
20,92,1.0
12,95,1.0
59,52,1.0
285,14,1.0
23,38,1.0
157,8,1.0
10,34,1.0
5,12,1.0
263,12,1.0
5,135,1.0
1,243,1.0
206,97,1.0
115,165,1.0
239,273,1.0
43,70,1.0
15,116,1.0
63,21,1.0
15,181,1.0
56,8,1.0
22,194,1.0
19,5,1.0
224,103,1.0
125,77,1.0
291,59,1.0
89,6,1.0
43,251,1.0
13,59,1.0
42,14,1.0
8,106,1.0
7,51,1.0
222,58,1.0
268,2,1.0
151,8,1.0
16,20,1.0
65,95,1.0
296,60,1.0
129,115,1.0
54,58,1.0
206,16,1.0
246,75,1.0
284,188,1.0
170,76,1.0
43,115,1.0
162,2,1.0
63,187,1.0
44,23,1.0
68,123,1.0
1,154,1.0
28,240,1.0
99,186,1.0
121,41,1.0
96,2,1.0
141,233,1.0
98,7,1.0
72,130,1.0
262,2,1.0
219,224,1.0
41,17,1.0
12,57,1.0
143,2,1.0
76,39,1.0
127,35,1.0
10,92,1.0
23,50,1.0
173,35,1.0
158,23,1.0
9,167,1.0
224,159,1.0
91,8,1.0
93,209,1.0
42,75,1.0
62,280,1.0
3,55,1.0
247,28,1.0
9,145,1.0
61,7,1.0
133,197,1.0
287,282,1.0
184,3,1.0
55,4,1.0
109,14,1.0
192,53,1.0
1,223,1.0
26,24,1.0
1,150,1.0
126,178,1.0
107,8,1.0
186,38,1.0
204,9,1.0
203,124,1.0
182,17,1.0
137,177,1.0
6,128,1.0
186,188,1.0
240,53,1.0
14,102,1.0
223,4,1.0
76,67,1.0
125,159,1.0
42,7,1.0
51,71,1.0
5,270,1.0
224,169,1.0
4,21,1.0
97,153,1.0
287,224,1.0
63,32,1.0
294,32,1.0
16,27,1.0
9,225,1.0
148,242,1.0
205,21,1.0
90,4,1.0
32,61,1.0
181,30,1.0
161,156,1.0
23,75,1.0
268,7,1.0
82,120,1.0
38,30,1.0
82,98,1.0
223,35,1.0
187,57,1.0
266,64,1.0
11,34,1.0
297,40,1.0
192,179,1.0
16,12,1.0
43,147,1.0
3,146,1.0
14,48,1.0
200,195,1.0
10,48,1.0
120,22,1.0
7,71,1.0
129,197,1.0
10,104,1.0
237,3,1.0
141,225,1.0
7,150,1.0
1,153,1.0
60,288,1.0
110,8,1.0
127,216,1.0
32,8,1.0
18,116,1.0
110,14,1.0
124,8,1.0
258,111,1.0
20,188,1.0
112,4,1.0
177,12,1.0
195,157,1.0
97,124,1.0
23,31,1.0
238,13,1.0
182,12,1.0
151,57,1.0
244,42,1.0
31,19,1.0
197,248,1.0
35,50,1.0
70,104,1.0
46,224,1.0
38,22,1.0
102,33,1.0
3,32,1.0
37,17,1.0
238,10,1.0
37,56,1.0
10,54,1.0
197,130,1.0
56,14,1.0
133,27,1.0
190,25,1.0
44,13,1.0
35,66,1.0
143,144,1.0
6,167,1.0
287,7,1.0
150,31,1.0
54,6,1.0
215,3,1.0
113,154,1.0
32,71,1.0
46,120,1.0
129,203,1.0
97,235,1.0
294,165,1.0
260,35,1.0
263,45,1.0
107,116,1.0
7,118,1.0
129,17,1.0
37,34,1.0
155,14,1.0
43,6,1.0
18,216,1.0
63,15,1.0
16,241,1.0
247,19,1.0
39,52,1.0
19,54,1.0
197,38,1.0
126,199,1.0
103,225,1.0
63,9,1.0
2,78,1.0
61,22,1.0
3,214,1.0
129,176,1.0
134,212,1.0
23,73,1.0
1,143,1.0
247,10,1.0
241,4,1.0
226,212,1.0
1,288,1.0
16,37,1.0
1,112,1.0
63,188,1.0
42,24,1.0
285,41,1.0
7,186,1.0
252,183,1.0
31,47,1.0
137,200,1.0
294,56,1.0
134,35,1.0
76,132,1.0
126,20,1.0
14,232,1.0
24,35,1.0
195,73,1.0
10,183,1.0
84,7,1.0
7,168,1.0
90,221,1.0
128,4,1.0
176,30,1.0
181,14,1.0
47,185,1.0
172,17,1.0
36,15,1.0
18,15,1.0
19,41,1.0
9,14,1.0
271,25,1.0
4,40,1.0
95,4,1.0
108,17,1.0
30,82,1.0
230,224,1.0
95,39,1.0
41,118,1.0
120,30,1.0
200,20,1.0
143,82,1.0
129,110,1.0
26,66,1.0
88,60,1.0
20,105,1.0
42,106,1.0
6,33,1.0
5,40,1.0
10,40,1.0
208,122,1.0
213,37,1.0
5,21,1.0
19,126,1.0
9,159,1.0
245,2,1.0
277,292,1.0
253,40,1.0
97,255,1.0
20,34,1.0
112,9,1.0
263,15,1.0
15,209,1.0
16,247,1.0
12,16,1.0
41,232,1.0
205,11,1.0
246,8,1.0
15,122,1.0
76,35,1.0
32,19,1.0
140,194,1.0
37,184,1.0
283,2,1.0
53,7,1.0
84,3,1.0
19,224,1.0
192,260,1.0
23,64,1.0
161,8,1.0
13,146,1.0
6,71,1.0
143,70,1.0
105,60,1.0
248,188,1.0
63,87,1.0
215,4,1.0
14,124,1.0
184,139,1.0
180,2,1.0
15,49,1.0
36,144,1.0
17,90,1.0
109,42,1.0
189,248,1.0
137,20,1.0
17,40,1.0
218,227,1.0
5,168,1.0
100,45,1.0
77,103,1.0
88,90,1.0
111,103,1.0
242,224,1.0
65,163,1.0
244,21,1.0
272,20,1.0
48,52,1.0
10,271,1.0
97,56,1.0
204,124,1.0
109,75,1.0
191,7,1.0
156,4,1.0
77,34,1.0
135,34,1.0
1,280,1.0
28,95,1.0
216,2,1.0
99,8,1.0
217,36,1.0
181,32,1.0
164,10,1.0
241,3,1.0
139,5,1.0
211,22,1.0
138,59,1.0
46,67,1.0
155,200,1.0
6,5,1.0
14,268,1.0
53,111,1.0
155,22,1.0
211,143,1.0
130,93,1.0
216,49,1.0
35,7,1.0
168,34,1.0
180,17,1.0
100,70,1.0
74,33,1.0
195,71,1.0
42,64,1.0
7,22,1.0
176,4,1.0
51,224,1.0
5,111,1.0
167,107,1.0
1,100,1.0
279,224,1.0
46,58,1.0
20,79,1.0
103,34,1.0
37,30,1.0
1,216,1.0
143,183,1.0
9,271,1.0
263,288,1.0
261,22,1.0
31,36,1.0
35,167,1.0
46,276,1.0
42,52,1.0
62,11,1.0
226,123,1.0
62,40,1.0
57,49,1.0
128,69,1.0
69,25,1.0
18,172,1.0
238,2,1.0
3,58,1.0
23,52,1.0
211,8,1.0
6,100,1.0
129,1,1.0
16,280,1.0
195,30,1.0
113,2,1.0
181,124,1.0
72,44,1.0
35,224,1.0
291,2,1.0
36,110,1.0
42,31,1.0
161,111,1.0
37,10,1.0
6,198,1.0
210,6,1.0
182,2,1.0
148,16,1.0
90,33,1.0
1,241,1.0
178,6,1.0
200,235,1.0
35,21,1.0
165,111,1.0
43,200,1.0
216,147,1.0
43,294,1.0
72,7,1.0
165,20,1.0
108,59,1.0
5,192,1.0
1,271,1.0
46,139,1.0
43,37,1.0
184,26,1.0
15,82,1.0
14,235,1.0
279,9,1.0
6,108,1.0
266,94,1.0
141,11,1.0
22,235,1.0
83,20,1.0
138,82,1.0
31,91,1.0
63,136,1.0
42,274,1.0
92,87,1.0
158,58,1.0
111,13,1.0
10,218,1.0
254,9,1.0
10,61,1.0
261,167,1.0
137,195,1.0
1,79,1.0
143,252,1.0
27,15,1.0
135,70,1.0
177,7,1.0
16,65,1.0
1,175,1.0
28,59,1.0
176,3,1.0
184,9,1.0
229,10,1.0
138,255,1.0
246,2,1.0
211,183,1.0
2,169,1.0
109,58,1.0
137,3,1.0
9,86,1.0
262,5,1.0
62,169,1.0
20,139,1.0
27,9,1.0
195,7,1.0
8,81,1.0
5,284,1.0
174,48,1.0
152,175,1.0
204,14,1.0
1,111,1.0
18,29,1.0
51,9,1.0
242,2,1.0
32,105,1.0
16,138,1.0
38,50,1.0
5,48,1.0
257,19,1.0
112,3,1.0
12,30,1.0
294,20,1.0
9,100,1.0
222,66,1.0
290,168,1.0
129,14,1.0
65,34,1.0
28,60,1.0
16,119,1.0
9,212,1.0
18,200,1.0
17,98,1.0
158,260,1.0
44,27,1.0
18,241,1.0
20,144,1.0
250,23,1.0
15,55,1.0
50,93,1.0
31,45,1.0
222,53,1.0
31,21,1.0
249,10,1.0
207,183,1.0
63,216,1.0
18,186,1.0
54,276,1.0
12,21,1.0
32,167,1.0
183,8,1.0
37,221,1.0
240,165,1.0
256,33,1.0
15,48,1.0
35,103,1.0
197,75,1.0
137,7,1.0
147,179,1.0
209,4,1.0
139,185,1.0
131,35,1.0
24,104,1.0
54,40,1.0
126,22,1.0
24,77,1.0
70,8,1.0
164,7,1.0
191,30,1.0
18,31,1.0
124,111,1.0
83,195,1.0
3,157,1.0
149,2,1.0
261,2,1.0
35,36,1.0
252,135,1.0
60,52,1.0
6,67,1.0
51,253,1.0
270,12,1.0
144,157,1.0
212,4,1.0
43,104,1.0
206,163,1.0
43,278,1.0
50,71,1.0
43,124,1.0
120,8,1.0
3,73,1.0
36,91,1.0
76,7,1.0
221,233,1.0
99,2,1.0
9,182,1.0
46,31,1.0
52,33,1.0
265,52,1.0
2,225,1.0
10,187,1.0
28,123,1.0
137,4,1.0
270,25,1.0
68,263,1.0
198,78,1.0
55,52,1.0
143,8,1.0
126,37,1.0
216,8,1.0
6,165,1.0
12,40,1.0
152,6,1.0
51,40,1.0
244,13,1.0
9,243,1.0
290,13,1.0
137,97,1.0
15,253,1.0
5,201,1.0
9,183,1.0
20,118,1.0
19,21,1.0
2,189,1.0
90,25,1.0
61,185,1.0
32,95,1.0
4,165,1.0
64,281,1.0
203,56,1.0
19,123,1.0
241,115,1.0
127,10,1.0
80,32,1.0
283,59,1.0
10,49,1.0
170,21,1.0
9,255,1.0
284,21,1.0
43,241,1.0
213,135,1.0
54,14,1.0
42,159,1.0
46,45,1.0
20,145,1.0
43,102,1.0
15,66,1.0
14,144,1.0
3,156,1.0
46,14,1.0
109,5,1.0
3,123,1.0
28,87,1.0
18,50,1.0
9,34,1.0
76,87,1.0
63,27,1.0
26,19,1.0
19,139,1.0
16,283,1.0
244,12,1.0
143,48,1.0
94,274,1.0
62,132,1.0
127,53,1.0
31,103,1.0
285,110,1.0
136,197,1.0
1,128,1.0
244,2,1.0
5,248,1.0
19,95,1.0
183,255,1.0
121,150,1.0
1,131,1.0
277,39,1.0
72,246,1.0
56,139,1.0
205,2,1.0
17,60,1.0
15,93,1.0
297,21,1.0
215,60,1.0
163,34,1.0
10,118,1.0
37,194,1.0
93,38,1.0
72,18,1.0
195,197,1.0
221,4,1.0
14,98,1.0
252,214,1.0
193,102,1.0
259,105,1.0
37,31,1.0
11,40,1.0
59,15,1.0
126,24,1.0
65,248,1.0
10,248,1.0
221,227,1.0
157,183,1.0
187,71,1.0
32,25,1.0
16,243,1.0
44,147,1.0
234,116,1.0
195,60,1.0
159,146,1.0
133,38,1.0
97,214,1.0
46,255,1.0
10,246,1.0
144,45,1.0
243,6,1.0
16,177,1.0
17,103,1.0
180,39,1.0
17,38,1.0
180,14,1.0
86,110,1.0
12,288,1.0
190,92,1.0
38,284,1.0
189,19,1.0
285,106,1.0
44,12,1.0
32,115,1.0
134,25,1.0
28,77,1.0
6,14,1.0
66,60,1.0
14,70,1.0
3,128,1.0
3,162,1.0
2,256,1.0
1,116,1.0
54,138,1.0
204,195,1.0
110,57,1.0
6,150,1.0
102,278,1.0
39,298,1.0
17,10,1.0
95,263,1.0
43,65,1.0
80,40,1.0
1,210,1.0
54,247,1.0
189,24,1.0
16,200,1.0
286,253,1.0
133,63,1.0
17,35,1.0
255,34,1.0
165,7,1.0
10,78,1.0
46,9,1.0
83,6,1.0
7,123,1.0
252,2,1.0
6,49,1.0
64,2,1.0
10,233,1.0
43,11,1.0
128,34,1.0
190,123,1.0
24,157,1.0
54,199,1.0
59,28,1.0
54,9,1.0
99,71,1.0
38,10,1.0
267,7,1.0
294,45,1.0
147,123,1.0
239,2,1.0
43,92,1.0
86,5,1.0
206,143,1.0
112,283,1.0
143,135,1.0
24,240,1.0
15,95,1.0
244,8,1.0
50,38,1.0
175,3,1.0
109,55,1.0
7,248,1.0
244,41,1.0
156,194,1.0
50,49,1.0
237,31,1.0
17,15,1.0
252,10,1.0
72,110,1.0
132,225,1.0
181,74,1.0
90,199,1.0
89,212,1.0
7,233,1.0
3,104,1.0
258,128,1.0
55,76,1.0
67,4,1.0
299,259,1.0
102,11,1.0
280,25,1.0
234,280,1.0
19,13,1.0
50,7,1.0
241,83,1.0
113,9,1.0
39,159,1.0
167,240,1.0
149,8,1.0
3,51,1.0
6,154,1.0
16,123,1.0
97,139,1.0
32,13,1.0
153,12,1.0
66,53,1.0
257,11,1.0
249,3,1.0
286,271,1.0
189,2,1.0
16,242,1.0
101,17,1.0
20,195,1.0
38,233,1.0
204,20,1.0
126,64,1.0
60,71,1.0
80,10,1.0
3,274,1.0
192,25,1.0
64,51,1.0
250,57,1.0
138,15,1.0
6,43,1.0
12,47,1.0
1,257,1.0
180,277,1.0
138,12,1.0
1,69,1.0
31,194,1.0
48,7,1.0
14,57,1.0
165,161,1.0
183,214,1.0
115,200,1.0
102,50,1.0
2,233,1.0
97,183,1.0
10,195,1.0
2,116,1.0
63,253,1.0
56,57,1.0
15,276,1.0
192,39,1.0
203,235,1.0
39,40,1.0
17,56,1.0
28,33,1.0
1,141,1.0
240,283,1.0
231,8,1.0
204,115,1.0
9,98,1.0
164,258,1.0
9,221,1.0
215,87,1.0
264,47,1.0
44,186,1.0
187,2,1.0
181,3,1.0
37,103,1.0
30,256,1.0
63,250,1.0
243,2,1.0
35,47,1.0
24,47,1.0
131,9,1.0
172,14,1.0
127,223,1.0
24,201,1.0
39,30,1.0
51,15,1.0
215,114,1.0
26,62,1.0
48,25,1.0
226,247,1.0
65,104,1.0
265,18,1.0
23,7,1.0
211,4,1.0
287,119,1.0
37,3,1.0
280,122,1.0
1,211,1.0
214,11,1.0
2,146,1.0
239,209,1.0
37,135,1.0
283,192,1.0
152,16,1.0
250,4,1.0
18,43,1.0
206,183,1.0
29,36,1.0
137,83,1.0
37,19,1.0
208,2,1.0
100,2,1.0
42,110,1.0
27,232,1.0
299,169,1.0
26,59,1.0
38,58,1.0
130,10,1.0
80,198,1.0
1,187,1.0
150,5,1.0
179,9,1.0
68,20,1.0
190,16,1.0
261,8,1.0
269,42,1.0
72,75,1.0
35,58,1.0
249,4,1.0
252,144,1.0
97,82,1.0
144,34,1.0
121,71,1.0
17,286,1.0
269,154,1.0
156,40,1.0
207,203,1.0
67,192,1.0
155,195,1.0
52,21,1.0
3,262,1.0
181,111,1.0
155,143,1.0
67,132,1.0
166,236,1.0
51,60,1.0
38,200,1.0
39,71,1.0
89,226,1.0
147,28,1.0
89,28,1.0
26,14,1.0
71,25,1.0
46,12,1.0
120,33,1.0
20,69,1.0
205,268,1.0
243,175,1.0
55,224,1.0
6,47,1.0
24,286,1.0
111,194,1.0
3,132,1.0
16,282,1.0
202,159,1.0
20,87,1.0
5,34,1.0
24,191,1.0
207,143,1.0
51,10,1.0
28,212,1.0
181,4,1.0
286,11,1.0
19,34,1.0
176,70,1.0
220,256,1.0
66,8,1.0
171,78,1.0
23,51,1.0
46,247,1.0
178,2,1.0
10,214,1.0
41,186,1.0
15,23,1.0
4,71,1.0
18,99,1.0
274,4,1.0
77,214,1.0
93,14,1.0
9,40,1.0
9,188,1.0
18,198,1.0
151,2,1.0
272,263,1.0
59,23,1.0
35,156,1.0
9,57,1.0
46,152,1.0
226,11,1.0
5,283,1.0
3,285,1.0
92,25,1.0
178,9,1.0
179,28,1.0
16,124,1.0
124,235,1.0
16,11,1.0
141,12,1.0
117,4,1.0
150,106,1.0
38,71,1.0
152,13,1.0
28,122,1.0
17,33,1.0
277,103,1.0
281,162,1.0
16,233,1.0
129,38,1.0
57,188,1.0
203,200,1.0
9,288,1.0
76,52,1.0
89,113,1.0
157,4,1.0
171,135,1.0
190,20,1.0
207,34,1.0
54,120,1.0
155,20,1.0
1,147,1.0
76,19,1.0
241,11,1.0
243,247,1.0
55,170,1.0
151,187,1.0
147,53,1.0
203,30,1.0
28,148,1.0
149,13,1.0
30,278,1.0
220,30,1.0
269,46,1.0
43,13,1.0
32,35,1.0
16,93,1.0
297,146,1.0
200,6,1.0
286,25,1.0
94,64,1.0
129,7,1.0
36,120,1.0
150,64,1.0
254,39,1.0
18,253,1.0
217,47,1.0
37,36,1.0
226,9,1.0
198,12,1.0
104,248,1.0
173,62,1.0
280,93,1.0
1,214,1.0
205,12,1.0
24,253,1.0
10,283,1.0
223,24,1.0
67,59,1.0
130,38,1.0
259,67,1.0
141,161,1.0
79,168,1.0
10,286,1.0
32,64,1.0
82,24,1.0
1,203,1.0
220,13,1.0
147,247,1.0
44,251,1.0
18,64,1.0
136,186,1.0
1,251,1.0
126,13,1.0
49,40,1.0
163,12,1.0
162,243,1.0
20,49,1.0
143,37,1.0
78,71,1.0
206,65,1.0
19,283,1.0
95,22,1.0
216,4,1.0
60,5,1.0
9,168,1.0
16,15,1.0
158,60,1.0
290,67,1.0
108,174,1.0
6,243,1.0
37,13,1.0
109,7,1.0
261,3,1.0
244,75,1.0
133,2,1.0
1,248,1.0
17,9,1.0
262,276,1.0
293,119,1.0
36,18,1.0
42,51,1.0
5,240,1.0
42,54,1.0
70,45,1.0
31,55,1.0
16,36,1.0
202,17,1.0
43,10,1.0
145,95,1.0
109,18,1.0
17,135,1.0
44,3,1.0
19,52,1.0
197,8,1.0
250,136,1.0
51,24,1.0
3,224,1.0
196,29,1.0
5,100,1.0
264,179,1.0
15,156,1.0
7,188,1.0
1,40,1.0
19,276,1.0
5,138,1.0
1,233,1.0
56,255,1.0
19,201,1.0
16,176,1.0
1,90,1.0
59,21,1.0
51,61,1.0
56,77,1.0
77,98,1.0
129,63,1.0
124,103,1.0
155,11,1.0
8,59,1.0
220,188,1.0
294,6,1.0
143,4,1.0
14,200,1.0
54,243,1.0
20,77,1.0
234,2,1.0
229,108,1.0
129,12,1.0
26,67,1.0
36,8,1.0
103,33,1.0
122,25,1.0
102,66,1.0
5,53,1.0
283,4,1.0
145,263,1.0
248,21,1.0
13,104,1.0
133,51,1.0
67,240,1.0
54,3,1.0
285,136,1.0
144,11,1.0
26,147,1.0
265,20,1.0
184,6,1.0
31,64,1.0
21,116,1.0
55,93,1.0
147,10,1.0
211,97,1.0
102,52,1.0
291,9,1.0
55,185,1.0
143,81,1.0
16,116,1.0
158,105,1.0
132,8,1.0
203,8,1.0
90,74,1.0
129,59,1.0
266,51,1.0
243,119,1.0
63,182,1.0
32,15,1.0
14,45,1.0
136,57,1.0
263,2,1.0
156,8,1.0
260,55,1.0
44,4,1.0
46,277,1.0
38,90,1.0
36,71,1.0
32,33,1.0
46,36,1.0
189,39,1.0
35,255,1.0
211,195,1.0
1,244,1.0
195,51,1.0
1,125,1.0
147,107,1.0
9,49,1.0
266,2,1.0
174,26,1.0
190,34,1.0
62,58,1.0
55,103,1.0
291,14,1.0
216,10,1.0
46,53,1.0
54,51,1.0
211,70,1.0
96,288,1.0
234,7,1.0
11,169,1.0
211,3,1.0
262,7,1.0
177,38,1.0
63,247,1.0
16,175,1.0
275,2,1.0
37,12,1.0
64,25,1.0
184,47,1.0
110,4,1.0
9,79,1.0
54,8,1.0
5,51,1.0
125,2,1.0
153,35,1.0
3,67,1.0
44,52,1.0
6,16,1.0
91,13,1.0
85,67,1.0
240,59,1.0
63,8,1.0
224,119,1.0
205,26,1.0
74,111,1.0
264,6,1.0
5,27,1.0
10,102,1.0
51,185,1.0
14,31,1.0
46,154,1.0
280,11,1.0
9,181,1.0
76,13,1.0
9,30,1.0
1,270,1.0
143,3,1.0
46,64,1.0
5,123,1.0
15,28,1.0
14,35,1.0
144,12,1.0
275,10,1.0
11,192,1.0
249,242,1.0
16,30,1.0
18,51,1.0
244,7,1.0
266,10,1.0
222,139,1.0
250,216,1.0
54,4,1.0
231,154,1.0
164,141,1.0
129,188,1.0
254,233,1.0
165,52,1.0
289,10,1.0
14,19,1.0
131,8,1.0
41,150,1.0
20,285,1.0
236,224,1.0
112,24,1.0
299,62,1.0
6,58,1.0
60,25,1.0
23,99,1.0
92,123,1.0
147,212,1.0
42,32,1.0
121,38,1.0
111,225,1.0
97,2,1.0
43,5,1.0
2,59,1.0
35,102,1.0
241,30,1.0
19,118,1.0
208,48,1.0
294,34,1.0
16,103,1.0
178,245,1.0
105,288,1.0
213,47,1.0
128,8,1.0
38,32,1.0
126,99,1.0
4,188,1.0
37,6,1.0
300,271,1.0
192,11,1.0
6,144,1.0
42,37,1.0
161,22,1.0
39,81,1.0
246,4,1.0
18,12,1.0
101,8,1.0
205,39,1.0
39,233,1.0
249,223,1.0
54,253,1.0
64,57,1.0
193,7,1.0
294,53,1.0
218,25,1.0
46,201,1.0
158,19,1.0
245,52,1.0
28,58,1.0
13,21,1.0
54,74,1.0
23,111,1.0
263,111,1.0
291,33,1.0
3,91,1.0
27,14,1.0
76,102,1.0
9,123,1.0
97,14,1.0
168,4,1.0
19,228,1.0
152,134,1.0
46,52,1.0
43,123,1.0
1,283,1.0
65,9,1.0
5,203,1.0
16,173,1.0
219,119,1.0
205,15,1.0
38,20,1.0
62,204,1.0
265,246,1.0
231,77,1.0
181,110,1.0
184,5,1.0
12,216,1.0
56,12,1.0
211,36,1.0
280,21,1.0
143,97,1.0
261,39,1.0
121,51,1.0
247,40,1.0
63,36,1.0
134,93,1.0
17,47,1.0
63,285,1.0
7,34,1.0
109,244,1.0
13,25,1.0
15,148,1.0
87,25,1.0
237,267,1.0
28,34,1.0
59,159,1.0
141,20,1.0
264,19,1.0
53,52,1.0
55,5,1.0
72,121,1.0
222,86,1.0
1,262,1.0
261,4,1.0
222,131,1.0
126,105,1.0
144,4,1.0
58,110,1.0
299,194,1.0
59,12,1.0
144,50,1.0
258,33,1.0
206,70,1.0
3,267,1.0
97,33,1.0
297,47,1.0
74,154,1.0
135,82,1.0
204,38,1.0
216,3,1.0
13,33,1.0
129,6,1.0
206,252,1.0
223,114,1.0
269,15,1.0
92,13,1.0
44,288,1.0
12,39,1.0
249,6,1.0
27,40,1.0
19,67,1.0
219,236,1.0
10,53,1.0
5,36,1.0
12,86,1.0
103,159,1.0
38,82,1.0
53,212,1.0
178,13,1.0
10,116,1.0
137,2,1.0
249,11,1.0
126,33,1.0
1,196,1.0
14,62,1.0
32,260,1.0
13,159,1.0
199,233,1.0
10,58,1.0
293,224,1.0
7,235,1.0
204,70,1.0
86,38,1.0
35,87,1.0
131,58,1.0
19,262,1.0
7,17,1.0
158,16,1.0
5,224,1.0
98,45,1.0
279,119,1.0
207,12,1.0
4,123,1.0
200,4,1.0
88,13,1.0
48,123,1.0
268,48,1.0
213,5,1.0
135,157,1.0
113,4,1.0
279,103,1.0
218,8,1.0
20,57,1.0
14,168,1.0
297,156,1.0
46,51,1.0
251,12,1.0
181,82,1.0
76,53,1.0
67,11,1.0
21,49,1.0
134,6,1.0
175,7,1.0
150,2,1.0
125,11,1.0
231,7,1.0
5,161,1.0
108,116,1.0
161,47,1.0
27,47,1.0
207,255,1.0
153,11,1.0
12,225,1.0
29,34,1.0
12,13,1.0
42,247,1.0
72,195,1.0
6,235,1.0
29,15,1.0
261,102,1.0
56,20,1.0
14,120,1.0
126,139,1.0
49,188,1.0
9,105,1.0
129,70,1.0
205,280,1.0
98,30,1.0
125,154,1.0
63,7,1.0
1,66,1.0
121,8,1.0
38,70,1.0
180,35,1.0
102,62,1.0
17,195,1.0
181,34,1.0
1,98,1.0
111,11,1.0
12,70,1.0
285,2,1.0
155,115,1.0
82,235,1.0
253,81,1.0
5,31,1.0
31,224,1.0
5,49,1.0
60,199,1.0
82,124,1.0
16,184,1.0
43,83,1.0
1,77,1.0
67,105,1.0
114,87,1.0
39,276,1.0
107,2,1.0
200,3,1.0
3,197,1.0
249,134,1.0
190,6,1.0
186,5,1.0
12,81,1.0
72,187,1.0
182,188,1.0
148,59,1.0
143,195,1.0
134,7,1.0
20,123,1.0
149,15,1.0
230,31,1.0
60,170,1.0
229,18,1.0
1,168,1.0
15,21,1.0
14,179,1.0
97,12,1.0
239,79,1.0
47,168,1.0
54,15,1.0
222,47,1.0
38,12,1.0
149,30,1.0
8,185,1.0
1,160,1.0
3,167,1.0
35,53,1.0
54,189,1.0
13,227,1.0
63,75,1.0
133,15,1.0
114,169,1.0
3,77,1.0
178,111,1.0
181,151,1.0
6,57,1.0
19,102,1.0
16,31,1.0
18,147,1.0
212,194,1.0
105,110,1.0
270,224,1.0
3,273,1.0
248,146,1.0
251,2,1.0
161,245,1.0
26,39,1.0
2,170,1.0
269,26,1.0
35,268,1.0
94,2,1.0
5,60,1.0
10,150,1.0
193,221,1.0
252,70,1.0
294,111,1.0
83,49,1.0
47,174,1.0
126,25,1.0
205,198,1.0
223,53,1.0
46,43,1.0
181,9,1.0
191,6,1.0
47,132,1.0
1,113,1.0
6,86,1.0
126,58,1.0
3,119,1.0
107,212,1.0
14,20,1.0
1,105,1.0
1,106,1.0
252,157,1.0
185,2,1.0
63,228,1.0
56,39,1.0
195,14,1.0
51,12,1.0
134,24,1.0
16,277,1.0
129,22,1.0
1,255,1.0
3,24,1.0
1,136,1.0
129,20,1.0
18,247,1.0
108,5,1.0
3,111,1.0
152,243,1.0
35,9,1.0
19,12,1.0
11,32,1.0
176,203,1.0
221,199,1.0
7,288,1.0
46,62,1.0
9,41,1.0
133,14,1.0
120,139,1.0
172,174,1.0
24,167,1.0
72,197,1.0
82,45,1.0
80,5,1.0
53,21,1.0
69,123,1.0
148,4,1.0
166,55,1.0
18,22,1.0
9,74,1.0
15,283,1.0
5,247,1.0
26,47,1.0
286,9,1.0
290,31,1.0
74,7,1.0
294,14,1.0
10,188,1.0
13,194,1.0
4,31,1.0
38,6,1.0
68,2,1.0
19,50,1.0
287,31,1.0
203,82,1.0
5,107,1.0
46,119,1.0
20,6,1.0
50,4,1.0
36,233,1.0
13,233,1.0
295,22,1.0
53,71,1.0
58,25,1.0
70,235,1.0
64,49,1.0
149,220,1.0
252,6,1.0
250,8,1.0
24,12,1.0
181,39,1.0
178,161,1.0
167,61,1.0
28,194,1.0
41,106,1.0
129,155,1.0
243,11,1.0
1,121,1.0
192,114,1.0
270,134,1.0
152,48,1.0
2,298,1.0
124,10,1.0
12,247,1.0
76,58,1.0
299,140,1.0
15,159,1.0
3,243,1.0
13,225,1.0
108,40,1.0
2,247,1.0
154,49,1.0
157,34,1.0
64,4,1.0
38,9,1.0
18,78,1.0
136,188,1.0
215,165,1.0
177,4,1.0
62,47,1.0
18,187,1.0
35,23,1.0
75,21,1.0
47,87,1.0
12,174,1.0
203,104,1.0
183,34,1.0
89,76,1.0
1,252,1.0
12,197,1.0
90,13,1.0
5,159,1.0
126,218,1.0
86,139,1.0
20,45,1.0
10,32,1.0
129,137,1.0
45,33,1.0
223,134,1.0
19,253,1.0
180,253,1.0
100,4,1.0
16,53,1.0
32,30,1.0
126,5,1.0
211,34,1.0
252,33,1.0
42,43,1.0
5,268,1.0
42,88,1.0
10,156,1.0
11,33,1.0
158,15,1.0
1,163,1.0
179,10,1.0
159,8,1.0
86,76,1.0
77,183,1.0
63,151,1.0
1,259,1.0
62,60,1.0
275,13,1.0
197,110,1.0
46,17,1.0
82,11,1.0
65,36,1.0
32,9,1.0
3,31,1.0
97,34,1.0
89,192,1.0
58,105,1.0
56,157,1.0
41,284,1.0
158,14,1.0
109,99,1.0
151,186,1.0
17,201,1.0
206,37,1.0
98,11,1.0
37,82,1.0
275,30,1.0
5,187,1.0
126,35,1.0
9,62,1.0
24,7,1.0
176,195,1.0
9,28,1.0
43,159,1.0
5,117,1.0
68,10,1.0
111,156,1.0
244,5,1.0
44,42,1.0
166,279,1.0
14,47,1.0
17,32,1.0
130,6,1.0
46,266,1.0
189,281,1.0
129,128,1.0
47,39,1.0
151,4,1.0
82,159,1.0
226,28,1.0
190,5,1.0
7,49,1.0
15,94,1.0
229,2,1.0
180,16,1.0
145,22,1.0
203,2,1.0
37,35,1.0
37,195,1.0
213,275,1.0
179,2,1.0
229,159,1.0
260,39,1.0
143,45,1.0
242,28,1.0
6,22,1.0
121,2,1.0
234,10,1.0
213,144,1.0
31,35,1.0
23,33,1.0
13,39,1.0
80,108,1.0
23,266,1.0
195,45,1.0
83,2,1.0
155,8,1.0
17,188,1.0
12,14,1.0
41,27,1.0
230,287,1.0
157,2,1.0
6,172,1.0
43,74,1.0
57,22,1.0
263,8,1.0
137,82,1.0
51,6,1.0
1,195,1.0
1,200,1.0
164,233,1.0
105,140,1.0
100,8,1.0
214,4,1.0
51,8,1.0
1,273,1.0
1,209,1.0
223,32,1.0
79,183,1.0
1,138,1.0
102,22,1.0
92,4,1.0
37,8,1.0
205,10,1.0
286,49,1.0
15,256,1.0
181,53,1.0
121,93,1.0
80,14,1.0
42,103,1.0
54,233,1.0
38,221,1.0
5,179,1.0
1,238,1.0
20,18,1.0
50,86,1.0
16,162,1.0
34,25,1.0
34,45,1.0
271,154,1.0
270,6,1.0
95,233,1.0
12,26,1.0
10,36,1.0
167,8,1.0
18,188,1.0
18,61,1.0
9,95,1.0
114,93,1.0
100,168,1.0
133,6,1.0
38,235,1.0
129,136,1.0
32,194,1.0
39,93,1.0
98,199,1.0
165,91,1.0
187,4,1.0
178,35,1.0
97,115,1.0
147,11,1.0
290,28,1.0
155,124,1.0
181,120,1.0
235,33,1.0
218,9,1.0
6,28,1.0
214,45,1.0
9,185,1.0
6,250,1.0
46,11,1.0
37,144,1.0
112,227,1.0
56,59,1.0
111,288,1.0
124,195,1.0
7,104,1.0
46,102,1.0
294,154,1.0
18,174,1.0
3,266,1.0
1,237,1.0
26,40,1.0
180,286,1.0
23,60,1.0
203,191,1.0
249,167,1.0
10,103,1.0
42,36,1.0
111,33,1.0
171,4,1.0
27,21,1.0
17,132,1.0
143,214,1.0
103,194,1.0
31,286,1.0
246,14,1.0
46,7,1.0
4,49,1.0
51,105,1.0
1,291,1.0
91,21,1.0
255,33,1.0
175,2,1.0
178,159,1.0
12,192,1.0
205,48,1.0
46,274,1.0
58,87,1.0
16,48,1.0
74,199,1.0
76,105,1.0
158,57,1.0
137,43,1.0
42,38,1.0
239,15,1.0
12,240,1.0
12,209,1.0
5,58,1.0
158,64,1.0
279,293,1.0
31,90,1.0
13,168,1.0
241,200,1.0
121,130,1.0
143,11,1.0
269,119,1.0
155,4,1.0
9,77,1.0
213,3,1.0
3,171,1.0
234,270,1.0
9,156,1.0
256,278,1.0
14,193,1.0
6,21,1.0
180,46,1.0
24,224,1.0
290,2,1.0
47,33,1.0
67,69,1.0
6,118,1.0
51,73,1.0
144,8,1.0
88,33,1.0
249,25,1.0
72,21,1.0
35,45,1.0
18,23,1.0
180,26,1.0
88,2,1.0
2,106,1.0
135,30,1.0
204,2,1.0
18,118,1.0
9,227,1.0
42,5,1.0
46,22,1.0
64,185,1.0
8,87,1.0
129,193,1.0
15,168,1.0
76,3,1.0
294,17,1.0
16,17,1.0
24,195,1.0
174,78,1.0
12,116,1.0
263,30,1.0
215,74,1.0
18,285,1.0
291,100,1.0
6,74,1.0
16,139,1.0
1,80,1.0
100,157,1.0
217,12,1.0
147,65,1.0
225,4,1.0
155,19,1.0
138,7,1.0
41,281,1.0
19,235,1.0
130,4,1.0
135,20,1.0
189,15,1.0
10,70,1.0
36,146,1.0
63,55,1.0
179,212,1.0
165,124,1.0
254,2,1.0
63,60,1.0
207,195,1.0
68,239,1.0
52,87,1.0
44,57,1.0
180,11,1.0
294,10,1.0
176,97,1.0
5,19,1.0
283,11,1.0
78,57,1.0
23,4,1.0
13,49,1.0
139,45,1.0
1,83,1.0
1,182,1.0
230,219,1.0
128,13,1.0
53,276,1.0
230,293,1.0
161,35,1.0
258,8,1.0
32,14,1.0
124,13,1.0
37,23,1.0
141,40,1.0
9,136,1.0
43,21,1.0
3,66,1.0
10,144,1.0
255,8,1.0
17,64,1.0
284,248,1.0
68,190,1.0
46,47,1.0
94,31,1.0
95,14,1.0
37,252,1.0
147,6,1.0
18,35,1.0
7,139,1.0
3,92,1.0
121,25,1.0
156,49,1.0
181,103,1.0
122,11,1.0
71,118,1.0
102,61,1.0
67,167,1.0
159,225,1.0
158,25,1.0
46,3,1.0
55,22,1.0
60,8,1.0
234,134,1.0
135,28,1.0
1,82,1.0
19,49,1.0
18,97,1.0
211,14,1.0
144,30,1.0
19,188,1.0
269,271,1.0
112,17,1.0
287,219,1.0
31,253,1.0
255,2,1.0
92,69,1.0
76,4,1.0
266,274,1.0
12,98,1.0
6,136,1.0
181,6,1.0
193,33,1.0
249,5,1.0
208,39,1.0
112,218,1.0
230,103,1.0
114,25,1.0
126,11,1.0
108,10,1.0
31,167,1.0
216,6,1.0
1,174,1.0
245,103,1.0
20,110,1.0
167,22,1.0
257,2,1.0
18,55,1.0
43,22,1.0
151,39,1.0
134,11,1.0
18,81,1.0
250,42,1.0
8,49,1.0
247,212,1.0
59,92,1.0
16,83,1.0
141,103,1.0
31,13,1.0
80,17,1.0
250,12,1.0
1,222,1.0
10,174,1.0
35,26,1.0
70,183,1.0
54,39,1.0
42,225,1.0
111,39,1.0
97,195,1.0
54,24,1.0
46,179,1.0
250,110,1.0
39,5,1.0
1,81,1.0
14,184,1.0
161,6,1.0
221,218,1.0
224,39,1.0
269,16,1.0
231,2,1.0
247,118,1.0
113,76,1.0
28,128,1.0
5,156,1.0
67,169,1.0
35,242,1.0
139,22,1.0
82,35,1.0
31,119,1.0
26,224,1.0
46,208,1.0
148,60,1.0
173,240,1.0
269,40,1.0
12,255,1.0
83,200,1.0
77,74,1.0
252,8,1.0
277,31,1.0
43,75,1.0
9,67,1.0
130,83,1.0
136,110,1.0
52,45,1.0
47,159,1.0
143,35,1.0
6,62,1.0
63,64,1.0
208,119,1.0
264,247,1.0
129,82,1.0
205,16,1.0
287,16,1.0
150,23,1.0
115,2,1.0
128,47,1.0
1,94,1.0
2,57,1.0
1,285,1.0
223,167,1.0
131,67,1.0
110,32,1.0
24,40,1.0
26,212,1.0
180,224,1.0
52,22,1.0
203,9,1.0
18,248,1.0
151,5,1.0
12,111,1.0
24,15,1.0
180,159,1.0
262,119,1.0
11,21,1.0
141,5,1.0
17,39,1.0
5,154,1.0
70,22,1.0
16,19,1.0
9,170,1.0
15,13,1.0
190,128,1.0
20,64,1.0
124,7,1.0
6,52,1.0
9,71,1.0
12,53,1.0
77,45,1.0
241,123,1.0
26,87,1.0
80,15,1.0
214,34,1.0
15,255,1.0
287,9,1.0
36,57,1.0
16,115,1.0
42,27,1.0
260,9,1.0
1,276,1.0
270,280,1.0
47,40,1.0
5,255,1.0
173,11,1.0
109,76,1.0
205,14,1.0
74,233,1.0
103,154,1.0
107,5,1.0
129,2,1.0
277,51,1.0
207,35,1.0
203,20,1.0
51,167,1.0
240,242,1.0
37,5,1.0
128,123,1.0
152,247,1.0
21,188,1.0
230,119,1.0
72,16,1.0
195,214,1.0
82,231,1.0
103,49,1.0
173,182,1.0
67,28,1.0
9,233,1.0
5,231,1.0
60,13,1.0
16,204,1.0
215,93,1.0
58,233,1.0
77,139,1.0
83,70,1.0
6,70,1.0
63,5,1.0
207,56,1.0
279,236,1.0
192,35,1.0
31,247,1.0
244,99,1.0
137,9,1.0
126,10,1.0
263,32,1.0
5,281,1.0
229,202,1.0
173,40,1.0
213,14,1.0
252,255,1.0
14,58,1.0
35,5,1.0
6,182,1.0
155,3,1.0
5,132,1.0
9,293,1.0
210,3,1.0
287,12,1.0
5,225,1.0
150,87,1.0
93,2,1.0
294,3,1.0
82,153,1.0
163,297,1.0
42,156,1.0
16,108,1.0
243,25,1.0
72,186,1.0
133,8,1.0
63,58,1.0
129,10,1.0
89,2,1.0
139,170,1.0
20,235,1.0
264,13,1.0
220,7,1.0
263,39,1.0
109,2,1.0
165,36,1.0
9,23,1.0
258,2,1.0
236,119,1.0
207,97,1.0
280,9,1.0
174,4,1.0
46,26,1.0
91,25,1.0
150,14,1.0
136,8,1.0
65,168,1.0
1,148,1.0
6,233,1.0
24,70,1.0
197,2,1.0
10,280,1.0
31,22,1.0
46,25,1.0
163,233,1.0
130,3,1.0
153,157,1.0
152,35,1.0
18,130,1.0
247,39,1.0
32,11,1.0
145,82,1.0
53,298,1.0
1,207,1.0
18,52,1.0
5,263,1.0
242,59,1.0
133,130,1.0
16,62,1.0
26,240,1.0
42,19,1.0
36,11,1.0
56,88,1.0
9,263,1.0
1,86,1.0
205,134,1.0
197,73,1.0
101,4,1.0
29,10,1.0
1,212,1.0
5,66,1.0
115,297,1.0
30,235,1.0
134,10,1.0
242,35,1.0
46,134,1.0
105,57,1.0
17,102,1.0
43,77,1.0
221,25,1.0
8,71,1.0
43,208,1.0
1,227,1.0
5,254,1.0
55,288,1.0
5,103,1.0
150,8,1.0
158,32,1.0
14,30,1.0
14,76,1.0
46,241,1.0
6,171,1.0
139,33,1.0
134,298,1.0
51,19,1.0
16,24,1.0
43,119,1.0
173,167,1.0
5,67,1.0
60,39,1.0
244,18,1.0
226,7,1.0
195,25,1.0
43,56,1.0
215,10,1.0
218,17,1.0
39,185,1.0
19,185,1.0
17,66,1.0
215,294,1.0
12,195,1.0
14,165,1.0
1,140,1.0
155,241,1.0
18,190,1.0
41,50,1.0
38,13,1.0
243,26,1.0
6,146,1.0
10,63,1.0
3,16,1.0
229,5,1.0
100,104,1.0
26,132,1.0
272,12,1.0
72,109,1.0
190,10,1.0
190,2,1.0
191,4,1.0
286,154,1.0
178,194,1.0
14,189,1.0
97,135,1.0
54,11,1.0
54,255,1.0
72,41,1.0
1,67,1.0
181,128,1.0
10,17,1.0
60,33,1.0
129,200,1.0
10,76,1.0
97,24,1.0
16,60,1.0
213,24,1.0
176,8,1.0
280,12,1.0
17,174,1.0
108,27,1.0
246,186,1.0
31,62,1.0
220,20,1.0
75,10,1.0
19,71,1.0
22,45,1.0
1,104,1.0
240,107,1.0
37,97,1.0
3,250,1.0
193,278,1.0
16,22,1.0
183,209,1.0
92,34,1.0
3,23,1.0
20,284,1.0
19,154,1.0
20,111,1.0
16,234,1.0
260,10,1.0
126,98,1.0
294,124,1.0
299,67,1.0
42,266,1.0
17,117,1.0
6,102,1.0
211,135,1.0
294,4,1.0
128,25,1.0
77,255,1.0
139,2,1.0
23,14,1.0
42,25,1.0
48,4,1.0
26,117,1.0
72,8,1.0
203,83,1.0
138,47,1.0
46,19,1.0
17,67,1.0
14,73,1.0
203,49,1.0
42,271,1.0
26,60,1.0
42,50,1.0
243,179,1.0
196,2,1.0
80,173,1.0
36,7,1.0
121,57,1.0
20,250,1.0
198,26,1.0
36,70,1.0
44,116,1.0
75,232,1.0
28,16,1.0
18,16,1.0
15,233,1.0
153,2,1.0
297,19,1.0
10,18,1.0
207,77,1.0
10,139,1.0
65,79,1.0
176,124,1.0
97,130,1.0
164,8,1.0
5,33,1.0
23,105,1.0
16,34,1.0
215,7,1.0
50,110,1.0
139,30,1.0
3,208,1.0
62,140,1.0
141,263,1.0
44,106,1.0
176,22,1.0
11,123,1.0
18,189,1.0
88,58,1.0
88,221,1.0
46,243,1.0
249,240,1.0
37,15,1.0
3,71,1.0
50,30,1.0
101,171,1.0
59,13,1.0
20,214,1.0
157,11,1.0
72,133,1.0
290,259,1.0
10,64,1.0
127,9,1.0
130,49,1.0
171,17,1.0
12,33,1.0
208,11,1.0
47,60,1.0
43,130,1.0
7,156,1.0
155,81,1.0
14,22,1.0
12,103,1.0
15,128,1.0
8,235,1.0
180,190,1.0
224,11,1.0
42,13,1.0
131,62,1.0
42,35,1.0
262,208,1.0
129,235,1.0
224,25,1.0
231,6,1.0
9,42,1.0
120,4,1.0
102,132,1.0
124,6,1.0
3,253,1.0
16,193,1.0
227,24,1.0
110,71,1.0
221,8,1.0
14,87,1.0
68,28,1.0
178,225,1.0
216,9,1.0
138,11,1.0
290,167,1.0
3,36,1.0
10,110,1.0
43,297,1.0
211,5,1.0
20,22,1.0
203,38,1.0
43,76,1.0
12,132,1.0
19,18,1.0
43,248,1.0
151,14,1.0
3,14,1.0
93,73,1.0
18,115,1.0
59,100,1.0
23,194,1.0
158,63,1.0
137,17,1.0
189,267,1.0
35,144,1.0
211,252,1.0
42,138,1.0
269,11,1.0
28,8,1.0
3,62,1.0
153,255,1.0
207,82,1.0
139,25,1.0
2,276,1.0
82,144,1.0
2,24,1.0
99,36,1.0
88,25,1.0
36,228,1.0
66,4,1.0
32,76,1.0
3,103,1.0
80,2,1.0
14,139,1.0
12,58,1.0
41,136,1.0
247,7,1.0
63,118,1.0
68,12,1.0
54,221,1.0
26,256,1.0
148,24,1.0
195,70,1.0
41,6,1.0
36,159,1.0
10,5,1.0
220,47,1.0
195,33,1.0
51,194,1.0
232,4,1.0
38,188,1.0
108,26,1.0
50,187,1.0
15,39,1.0
76,10,1.0
77,58,1.0
5,157,1.0
50,73,1.0
1,127,1.0
241,203,1.0
263,71,1.0
280,48,1.0
43,235,1.0
54,19,1.0
72,23,1.0
3,41,1.0
237,105,1.0
43,32,1.0
247,3,1.0
32,296,1.0
201,4,1.0
213,50,1.0
121,195,1.0
53,192,1.0
134,107,1.0
14,132,1.0
147,240,1.0
290,169,1.0
6,156,1.0
20,44,1.0
11,253,1.0
206,6,1.0
16,203,1.0
159,33,1.0
173,15,1.0
119,2,1.0
134,4,1.0
154,45,1.0
19,44,1.0
36,145,1.0
145,45,1.0
7,281,1.0
19,114,1.0
262,3,1.0
6,121,1.0
8,45,1.0
9,66,1.0
273,2,1.0
95,82,1.0
241,28,1.0
74,4,1.0
134,192,1.0
179,194,1.0
42,40,1.0
82,8,1.0
120,45,1.0
23,103,1.0
9,107,1.0
23,27,1.0
290,51,1.0
42,232,1.0
12,285,1.0
61,93,1.0
19,40,1.0
12,25,1.0
192,165,1.0
11,194,1.0
164,124,1.0
1,297,1.0
236,55,1.0
53,116,1.0
89,10,1.0
50,106,1.0
104,4,1.0
37,11,1.0
275,33,1.0
52,49,1.0
72,129,1.0
65,15,1.0
31,169,1.0
13,52,1.0
7,81,1.0
229,116,1.0
135,4,1.0
56,30,1.0
99,32,1.0
3,50,1.0
241,20,1.0
165,53,1.0
220,49,1.0
99,60,1.0
6,132,1.0
109,139,1.0
4,59,1.0
51,67,1.0
290,7,1.0
75,2,1.0
18,195,1.0
126,159,1.0
133,195,1.0
6,104,1.0
86,7,1.0
5,147,1.0
105,64,1.0
26,247,1.0
5,221,1.0
86,21,1.0
142,5,1.0
5,92,1.0
205,6,1.0
42,33,1.0
16,25,1.0
149,47,1.0
234,9,1.0
135,6,1.0
1,97,1.0
5,167,1.0
23,232,1.0
220,40,1.0
55,11,1.0
227,2,1.0
58,78,1.0
36,21,1.0
217,16,1.0
23,13,1.0
102,58,1.0
270,21,1.0
268,28,1.0
109,43,1.0
17,26,1.0
270,10,1.0
26,58,1.0
54,37,1.0
10,202,1.0
35,77,1.0
249,169,1.0
155,48,1.0
32,34,1.0
18,209,1.0
37,14,1.0
216,35,1.0
41,64,1.0
94,28,1.0
32,57,1.0
247,4,1.0
134,116,1.0
109,60,1.0
1,290,1.0
161,52,1.0
230,55,1.0
145,4,1.0
250,285,1.0
37,28,1.0
181,165,1.0
297,7,1.0
50,57,1.0
37,9,1.0
72,27,1.0
279,219,1.0
163,6,1.0
126,28,1.0
39,123,1.0
54,30,1.0
5,191,1.0
138,9,1.0
17,187,1.0
232,284,1.0
283,24,1.0
1,220,1.0
54,98,1.0
178,19,1.0
41,14,1.0
90,7,1.0
262,4,1.0
43,276,1.0
205,174,1.0
245,156,1.0
47,194,1.0
56,231,1.0
115,7,1.0
278,33,1.0
10,26,1.0
45,21,1.0
4,235,1.0
132,2,1.0
3,216,1.0
135,3,1.0
129,74,1.0
19,39,1.0
27,173,1.0
153,20,1.0
135,77,1.0
35,39,1.0
244,186,1.0
